0 0.040625 0.4265625 0.08125 0.60625
0 0.38515625 0.38984375 0.1296875 0.6515625
0 0.16328125 0.3953125 0.1375 0.53125
0 0.0484375 0.35390625 0.096875 0.3953125
0 0.2578125 0.3234375 0.071875 0.3671875
0 0.30859375 0.31796875 0.078125 0.3359375
2 0.4015625 0.1140625 0.065625 0.0828125
2 0.1453125 0.15625 0.05625 0.05
2 0.29296875 0.15703125 0.0390625 0.025
2 0.24375 0.15859375 0.0296875 0.0359375
2 0.02109375 0.20546875 0.0421875 0.0546875
4 0.60703125 0.68671875 0.3140625 0.0859375
2 0.55 0.5265625 0.2 0.1625
0 0.634375 0.56484375 0.36875 0.3296875
1 0.0703125 0.840625 0.140625 0.221875
3 0.02109375 0.75 0.0421875 0.040625
1 0.5421875 0.825 0.184375 0.190625