0 0.278125 0.159375 0.303125 0.31875
0 0.09921875 0.159375 0.1984375 0.31875
3 0.39296875 0.81875 0.0734375 0.06875
3 0.0453125 0.896875 0.090625 0.121875
1 0.3796875 0.659375 0.1 0.103125
1 0.13125 0.9140625 0.2625 0.171875
1 0.3515625 0.89296875 0.15625 0.2140625
1 0.51640625 0.684375 0.1734375 0.484375
1 0.753125 0.57734375 0.2671875 0.39375
1 0.62734375 0.39296875 0.2140625 0.1484375
3 0.52890625 0.4984375 0.0984375 0.1046875
3 0.5671875 0.3765625 0.084375 0.1078125
3 0.66484375 0.43828125 0.0890625 0.0953125
4 0.49140625 0.63203125 0.1234375 0.2640625
4 0.76953125 0.5265625 0.18125 0.190625
4 0.64765625 0.34921875 0.1640625 0.0609375