0 0.1609375 0.23515625 0.321875 0.2484375
1 0.615625 0.1796875 0.153125 0.359375
1 0.778125 0.08125 0.3875 0.1625
1 0.259375 0.6796875 0.259375 0.640625
1 0.446875 0.6828125 0.184375 0.634375
3 0.4359375 0.4125 0.0765625 0.053125
3 0.2359375 0.39296875 0.115625 0.0671875
1 0.66796875 0.85625 0.1609375 0.2875
1 0.759375 0.84609375 0.153125 0.3078125
1 0.8953125 0.8125 0.184375 0.375
1 0.9625 0.80703125 0.075 0.3859375
3 0.9796875 0.64765625 0.040625 0.0546875
3 0.87734375 0.66328125 0.0640625 0.0640625
3 0.81484375 0.71171875 0.0375 0.0546875
3 0.73828125 0.73046875 0.0609375 0.0453125