0 0.1140625 0.43984375 0.228125 0.1796875
0 0.10625 0.14296875 0.2125 0.1609375
0 0.31484375 0.47421875 0.2265625 0.1109375
0 0.35234375 0.41015625 0.115625 0.1546875
0 0.31484375 0.446875 0.1515625 0.165625
2 0.12734375 0.11171875 0.0875 0.0703125
2 0.103125 0.39140625 0.0828125 0.0640625
2 0.2890625 0.41015625 0.08125 0.0609375
2 0.3390625 0.36328125 0.0859375 0.0546875
4 0.609375 0.2765625 0.1671875 0.375
4 0.86015625 0.2671875 0.2046875 0.378125
1 0.609375 0.26484375 0.178125 0.5296875
1 0.87578125 0.26484375 0.2265625 0.5296875
1 0.5203125 0.26484375 0.0625 0.5296875
1 0.74609375 0.26484375 0.1828125 0.5296875
0 0.22265625 0.76484375 0.4453125 0.4703125
4 0.2578125 0.8078125 0.421875 0.384375
0 0.62578125 0.76484375 0.2734375 0.4703125
0 0.82109375 0.8375 0.1828125 0.325
2 0.78359375 0.70703125 0.05 0.034375