2 0.84921875 0.6078125 0.025 0.015625
2 0.83984375 0.57578125 0.021875 0.0125
2 0.60234375 0.57734375 0.01875 0.0234375
2 0.63984375 0.5828125 0.021875 0.0296875
2 0.51328125 0.56953125 0.021875 0.0265625
2 0.42109375 0.553125 0.0390625 0.0484375
2 0.35390625 0.5734375 0.0328125 0.0453125
2 0.25390625 0.55078125 0.078125 0.05
2 0.1828125 0.57890625 0.05625 0.0421875
2 0.14609375 0.5453125 0.046875 0.0421875
2 0.20078125 0.54140625 0.021875 0.0296875
0 0.87890625 0.7015625 0.05 0.2296875
0 0.8203125 0.64453125 0.0296875 0.1609375
0 0.8453125 0.6796875 0.028125 0.18125
0 0.70625 0.65078125 0.04375 0.1953125
0 0.6328125 0.6546875 0.0375 0.1625
0 0.60078125 0.66328125 0.0296875 0.2046875
0 0.51484375 0.64921875 0.034375 0.178125
0 0.44375 0.68359375 0.0765625 0.3109375
0 0.35390625 0.69453125 0.0265625 0.2640625
0 0.10546875 0.675 0.046875 0.278125
0 0.3125 0.678125 0.0453125 0.3078125
0 0.28515625 0.66640625 0.0390625 0.325
0 0.22890625 0.675 0.071875 0.3078125
0 0.1484375 0.675 0.0453125 0.3140625
0 0.1859375 0.6890625 0.0296875 0.2828125