0 0.17421875 0.471875 0.15 0.471875
2 0.18046875 0.27578125 0.0625 0.046875
3 0.95625 0.17890625 0.0765625 0.04375
3 0.79453125 0.140625 0.0890625 0.059375
3 0.753125 0.16640625 0.05 0.0484375
3 0.66875 0.12421875 0.0640625 0.0515625
3 0.571875 0.16171875 0.05 0.0375
3 0.484375 0.16328125 0.03125 0.0421875
1 0.9375 0.35078125 0.125 0.4203125
1 0.7859375 0.40859375 0.2125 0.6375
1 0.6484375 0.3484375 0.15 0.5609375
1 0.5578125 0.36015625 0.1296875 0.4609375
1 0.49765625 0.3578125 0.0578125 0.453125