3 0.45625 0.27578125 0.0296875 0.0296875
3 0.609375 0.39453125 0.0328125 0.0296875
3 0.56484375 0.43203125 0.0265625 0.0296875
3 0.55859375 0.51484375 0.0546875 0.05625
3 0.64609375 0.49375 0.034375 0.0421875
3 0.68359375 0.5390625 0.0359375 0.0546875
3 0.9578125 0.3765625 0.021875 0.0171875
3 0.5765625 0.603125 0.028125 0.0125
1 0.46484375 0.140625 0.0515625 0.24375
1 0.47890625 0.36875 0.0796875 0.221875
1 0.61953125 0.4515625 0.059375 0.14375
1 0.04375 0.8109375 0.0875 0.378125
3 0.03046875 0.67890625 0.0609375 0.1203125
1 0.69453125 0.8046875 0.1796875 0.390625
1 0.90234375 0.8046875 0.1953125 0.390625