0 0.06171875 0.275 0.1234375 0.55
0 0.4359375 0.16640625 0.1875 0.3328125
4 0.05078125 0.096875 0.1015625 0.19375
0 0.53984375 0.3140625 0.0203125 0.30625
0 0.57265625 0.37109375 0.0859375 0.3578125
2 0.6203125 0.21640625 0.015625 0.0125
2 0.603125 0.20234375 0.0203125 0.0140625
0 0.6 0.284375 0.05 0.1796875
0 0.6234375 0.28515625 0.0328125 0.1484375
3 0.16640625 0.65625 0.2453125 0.2125
1 0.1859375 0.775 0.371875 0.45
4 0.80390625 0.86015625 0.2890625 0.2796875
0 0.78984375 0.775 0.3578125 0.45