0 0.08203125 0.3421875 0.1640625 0.353125
0 0.26171875 0.30859375 0.3328125 0.4203125
0 0.390625 0.36484375 0.1375 0.3078125
0 0.43828125 0.36953125 0.0421875 0.2984375
2 0.01875 0.22890625 0.0375 0.0921875
2 0.2015625 0.1609375 0.1 0.09375
2 0.38828125 0.2484375 0.0546875 0.05
2 0.43984375 0.25 0.0359375 0.040625
3 0.959375 0.01171875 0.071875 0.0234375
3 0.5078125 0.01875 0.096875 0.0375
1 0.90234375 0.259375 0.1953125 0.51875
1 0.58203125 0.259375 0.2453125 0.51875
1 0.31875 0.759375 0.28125 0.48125
1 0.39140625 0.65859375 0.1359375 0.2796875
1 0.20078125 0.69765625 0.1390625 0.2703125
1 0.1 0.759375 0.2 0.48125
3 0.2703125 0.53359375 0.1 0.0296875
3 0.190625 0.5984375 0.059375 0.0421875
3 0.07578125 0.6421875 0.059375 0.0515625
1 0.9375 0.7390625 0.125 0.440625
1 0.834375 0.83203125 0.178125 0.3359375
3 0.81875 0.69375 0.0609375 0.046875