0 0.2515625 0.334375 0.34375 0.66875
0 0.38984375 0.15390625 0.1203125 0.2328125
2 0.4015625 0.059375 0.0484375 0.05625
0 0.5578125 0.3609375 0.215625 0.615625
2 0.5125 0.16484375 0.125 0.2078125
2 0.95234375 0.06171875 0.0953125 0.1234375
0 0.95859375 0.334375 0.0828125 0.66875
0 0.14375 0.9125 0.090625 0.175
0 0.1171875 0.7515625 0.05 0.1203125
0 0.42109375 0.75234375 0.0578125 0.1671875
0 0.3234375 0.71953125 0.053125 0.1015625
0 0.19296875 0.7203125 0.0421875 0.103125
0 0.23515625 0.71484375 0.0484375 0.0921875
2 0.4078125 0.6796875 0.028125 0.021875
2 0.115625 0.83125 0.028125 0.034375
2 0.09609375 0.7203125 0.0328125 0.028125
2 0.18515625 0.671875 0.0078125 0.00625
0 0.94375 0.834375 0.1125 0.33125
0 0.8703125 0.834375 0.259375 0.33125
0 0.6328125 0.84921875 0.309375 0.3015625
0 0.55078125 0.8859375 0.2015625 0.228125
0 0.4921875 0.8875 0.084375 0.225