0 0.1609375 0.1796875 0.321875 0.359375
0 0.05078125 0.1796875 0.1015625 0.359375
2 0.2234375 0.0109375 0.13125 0.021875
1 0.67109375 0.296875 0.3921875 0.125
3 0.78984375 0.29765625 0.1671875 0.1234375
4 0.31796875 0.82265625 0.3015625 0.3546875
0 0.2953125 0.6796875 0.346875 0.640625
0 0.9015625 0.8578125 0.196875 0.284375
0 0.890625 0.50234375 0.21875 0.1453125
0 0.70625 0.9 0.203125 0.2
0 0.65703125 0.7875 0.10625 0.1484375
0 0.696875 0.8328125 0.140625 0.1796875
2 0.86015625 0.4734375 0.084375 0.065625
2 0.90390625 0.75078125 0.0796875 0.059375
2 0.71953125 0.7828125 0.078125 0.05625
2 0.66640625 0.73984375 0.084375 0.0484375