0 0.06875 0.109375 0.1375 0.21875
0 0.3859375 0.153125 0.1 0.13125
0 0.30546875 0.13984375 0.1453125 0.1578125
0 0.23828125 0.1390625 0.1296875 0.159375
0 0.165625 0.14609375 0.109375 0.1453125
2 0.4640625 0.096875 0.03125 0.06875
2 0.37578125 0.11328125 0.0390625 0.0515625
2 0.2921875 0.103125 0.0515625 0.0734375
2 0.20546875 0.09921875 0.04375 0.0609375
2 0.0484375 0.04765625 0.096875 0.0953125
2 0.15625 0.128125 0.06875 0.0875
1 0.240625 0.7171875 0.4296875 0.5453125
1 0.3421875 0.4875 0.190625 0.5375
3 0.2015625 0.51640625 0.115625 0.115625
3 0.33203125 0.246875 0.0734375 0.05625
4 0.2234375 0.70703125 0.2703125 0.2625
4 0.33203125 0.378125 0.1296875 0.1890625
3 0.7203125 0.37578125 0.103125 0.0859375
1 0.940625 0.6375 0.11875 0.490625
1 0.75625 0.665625 0.2125 0.66875
1 0.52109375 0.6875 0.0828125 0.625