0 0.3984375 0.284375 0.221875 0.509375
2 0.428125 0.1453125 0.1625 0.234375
1 0.88046875 0.2890625 0.1171875 0.5
1 0.575 0.27578125 0.13125 0.5265625
1 0.703125 0.28984375 0.14375 0.4984375
3 0.8875 0.08125 0.0671875 0.0609375
3 0.775 0.08359375 0.0625 0.065625
3 0.70703125 0.0703125 0.071875 0.0546875
3 0.5484375 0.0546875 0.078125 0.075
1 0.7828125 0.284375 0.08125 0.509375
4 0.18203125 0.8421875 0.3640625 0.315625
1 0.22421875 0.76953125 0.4484375 0.4609375
1 0.76484375 0.76953125 0.2609375 0.4609375
1 0.93046875 0.7859375 0.1390625 0.428125
3 0.75 0.60546875 0.1015625 0.11875
3 0.959375 0.771875 0.046875 0.096875