0 0.2640625 0.29609375 0.075 0.1578125
0 0.13984375 0.29453125 0.0875 0.1875
2 0.259375 0.225 0.0453125 0.0296875
0 0.15859375 0.19296875 0.0640625 0.1859375
2 0.1390625 0.21796875 0.034375 0.01875
2 0.1546875 0.11328125 0.0421875 0.0140625
4 0.2609375 0.28203125 0.0734375 0.0671875
4 0.140625 0.2734375 0.0984375 0.1
4 0.1578125 0.16015625 0.059375 0.06875
3 0.7234375 0.134375 0.0546875 0.0359375
3 0.80234375 0.09296875 0.0609375 0.046875
1 0.8109375 0.246875 0.1265625 0.384375
1 0.70859375 0.2921875 0.115625 0.3640625
1 0.95234375 0.59140625 0.0953125 0.1953125
1 0.21015625 0.84453125 0.2390625 0.3109375
1 0.5015625 0.84453125 0.215625 0.3109375
1 0.3875 0.8 0.115625 0.221875
1 0.56484375 0.7765625 0.0890625 0.175
4 0.209375 0.8328125 0.1875 0.2875
4 0.4890625 0.8078125 0.140625 0.2375
4 0.39375 0.765625 0.075 0.153125
4 0.5796875 0.7390625 0.059375 0.1
0 0.8859375 0.74921875 0.109375 0.1203125
0 0.74609375 0.78125 0.1109375 0.184375