0 0.159375 0.30234375 0.225 0.2140625
2 0.18828125 0.2515625 0.0953125 0.103125
3 0.89453125 0.20703125 0.05625 0.0515625
3 0.70859375 0.18046875 0.0578125 0.0625
3 0.625 0.22890625 0.0640625 0.0828125
3 0.5734375 0.1671875 0.084375 0.0875
1 0.87265625 0.29453125 0.1640625 0.2296875
1 0.76328125 0.29375 0.1015625 0.23125
1 0.71171875 0.28125 0.1671875 0.25625
1 0.6328125 0.2984375 0.15 0.221875
1 0.5578125 0.2640625 0.115625 0.290625
3 0.2890625 0.6140625 0.1671875 0.1390625
3 0.459375 0.75078125 0.08125 0.0953125
4 0.41796875 0.8984375 0.1328125 0.1875
4 0.2984375 0.88515625 0.20625 0.2296875
1 0.440625 0.83359375 0.11875 0.3328125
1 0.2875 0.75 0.309375 0.5
4 0.5578125 0.74140625 0.115625 0.5171875
0 0.5859375 0.7046875 0.171875 0.590625