0 0.47734375 0.2 0.1640625 0.4
0 0.3796875 0.2 0.2125 0.4
0 0.18671875 0.2 0.2015625 0.4
0 0.0453125 0.2 0.090625 0.4
0 0.09609375 0.2 0.1921875 0.4
3 0.58125 0.08671875 0.04375 0.0671875
3 0.8546875 0.1171875 0.05625 0.0390625
3 0.9375 0.0859375 0.0640625 0.05
1 0.603125 0.2171875 0.0875 0.365625
1 0.61875 0.03359375 0.11875 0.0671875
1 0.92734375 0.22265625 0.1453125 0.3546875
1 0.8203125 0.24375 0.134375 0.3125
2 0.0203125 0.68046875 0.040625 0.0640625
0 0.940625 0.83203125 0.11875 0.3359375
0 0.65234375 0.80625 0.1859375 0.3875
0 0.7796875 0.82578125 0.190625 0.3484375
2 0.975 0.7078125 0.05 0.065625
2 0.87265625 0.703125 0.065625 0.06875
2 0.80625 0.68515625 0.075 0.059375
2 0.64140625 0.65859375 0.1 0.08125
0 0.86484375 0.8234375 0.1203125 0.353125