0 0.0546875 0.3296875 0.109375 0.478125
0 0.12578125 0.3171875 0.2234375 0.503125
0 0.33046875 0.29296875 0.2171875 0.5515625
2 0.02890625 0.1140625 0.0578125 0.071875
2 0.1171875 0.12421875 0.0796875 0.0875
2 0.32734375 0.07109375 0.0953125 0.0875
4 0.69609375 0.284375 0.4484375 0.56875
1 0.68671875 0.284375 0.4953125 0.56875
0 0.07734375 0.840625 0.1546875 0.31875
0 0.296875 0.87421875 0.128125 0.2515625
2 0.26484375 0.771875 0.0609375 0.0484375
2 0.05546875 0.7109375 0.0671875 0.0421875
0 0.9671875 0.83515625 0.065625 0.3296875
0 0.4890625 0.83828125 0.1 0.3234375
0 0.86640625 0.80859375 0.1765625 0.3828125
0 0.6203125 0.84140625 0.1375 0.3171875
0 0.5 0.8546875 0.109375 0.290625
0 0.715625 0.84609375 0.071875 0.3078125
0 0.765625 0.8515625 0.078125 0.296875
2 0.9828125 0.696875 0.034375 0.04375
2 0.859375 0.6671875 0.065625 0.0828125
2 0.603125 0.709375 0.05625 0.05
2 0.75078125 0.71015625 0.0390625 0.025
2 0.7015625 0.71171875 0.0296875 0.0359375
2 0.4765625 0.759375 0.046875 0.0546875