4 0.34609375 0.15 0.3171875 0.3
4 0.5 0.15 0.178125 0.3
0 0.36640625 0.15 0.3953125 0.3
0 0.50625 0.15 0.165625 0.3
1 0.79453125 0.15 0.4109375 0.3
4 0.79453125 0.20546875 0.4109375 0.1890625
3 0.48359375 0.5828125 0.075 0.0625
3 0.4234375 0.5875 0.071875 0.078125
3 0.3734375 0.6046875 0.0484375 0.0390625
3 0.28125 0.56015625 0.0625 0.0640625
3 0.2046875 0.609375 0.03125 0.0359375
3 0.1765625 0.5796875 0.05625 0.0609375
3 0.134375 0.49921875 0.0765625 0.078125
3 0.02421875 0.51953125 0.0484375 0.0453125
1 0.4171875 0.76640625 0.290625 0.4671875
1 0.35703125 0.778125 0.2171875 0.44375
1 0.33046875 0.78828125 0.1640625 0.4234375
1 0.209375 0.75703125 0.259375 0.4859375
1 0.103125 0.72578125 0.20625 0.5484375
1 0.03671875 0.74140625 0.0734375 0.5171875
1 0.94453125 0.6984375 0.1109375 0.603125
1 0.8484375 0.675 0.303125 0.65
3 0.95859375 0.40859375 0.0828125 0.0796875