0 0.4046875 0.5921875 0.1015625 0.4859375
0 0.9484375 0.65078125 0.103125 0.665625
0 0.5421875 0.61015625 0.13125 0.64375
0 0.78828125 0.59765625 0.1015625 0.525
0 0.90546875 0.5484375 0.0828125 0.3890625
0 0.68828125 0.53203125 0.046875 0.3640625
0 0.6375 0.53046875 0.0546875 0.3328125
2 0.4015625 0.371875 0.0484375 0.040625
2 0.53046875 0.33359375 0.0609375 0.078125
2 0.7890625 0.3578125 0.053125 0.046875
2 0.6421875 0.36875 0.0375 0.021875
2 0.69140625 0.36640625 0.028125 0.034375
2 0.91875 0.3984375 0.04375 0.0515625