0 0.47734375 0.33828125 0.1640625 0.3015625
0 0.04765625 0.3375 0.0953125 0.303125
2 0.01875 0.221875 0.0375 0.053125
2 0.4921875 0.22734375 0.0921875 0.0703125
4 0.4890625 0.3546875 0.140625 0.190625
3 0.96484375 0.0390625 0.0703125 0.078125
4 0.921875 0.17265625 0.140625 0.1921875
4 0.8 0.21328125 0.2234375 0.35625
1 0.93984375 0.146875 0.1203125 0.29375
1 0.796875 0.2171875 0.340625 0.434375
3 0.24609375 0.6140625 0.06875 0.0515625
1 0.2203125 0.78359375 0.221875 0.4328125
1 0.8078125 0.74453125 0.384375 0.5109375