0 0.39296875 0.26953125 0.2140625 0.5390625
2 0.440625 0.12734375 0.11875 0.2203125
3 0.9546875 0.07578125 0.090625 0.1515625
3 0.96640625 0.4890625 0.0671875 0.1
3 0.771875 0.11328125 0.1328125 0.175
4 0.58828125 0.1953125 0.1765625 0.378125
4 0.7671875 0.1890625 0.25 0.3234375
4 0.89765625 0.21953125 0.2046875 0.3140625
1 0.78125 0.3765625 0.4375 0.325
1 0.5890625 0.22890625 0.178125 0.4578125
1 0.73125 0.271875 0.296875 0.534375
1 0.90078125 0.203125 0.1984375 0.40625
1 0.15546875 0.76953125 0.3109375 0.4609375
1 0.22421875 0.76953125 0.3265625 0.4609375
1 0.91328125 0.7984375 0.1734375 0.403125
1 0.82890625 0.80390625 0.1609375 0.3921875
1 0.76015625 0.80390625 0.1390625 0.3921875
1 0.98046875 0.825 0.0390625 0.35
1 0.609375 0.78203125 0.175 0.4359375
1 0.515625 0.7140625 0.03125 0.35
1 0.684375 0.725 0.1125 0.3265625