0 0.92890625 0.615625 0.125 0.646875
0 0.8 0.640625 0.0609375 0.528125
0 0.7171875 0.61875 0.1625 0.7625
0 0.66015625 0.4671875 0.0484375 0.4046875
0 0.559375 0.62578125 0.10625 0.70625
0 0.46484375 0.62890625 0.171875 0.7421875
0 0.2265625 0.61328125 0.228125 0.7734375
0 0.07734375 0.5828125 0.1 0.4625
0 0.0171875 0.575 0.034375 0.4171875
2 0.91640625 0.33828125 0.078125 0.065625
2 0.80703125 0.40546875 0.046875 0.0484375
2 0.72421875 0.3 0.096875 0.1078125
2 0.5421875 0.29453125 0.059375 0.0671875
2 0.45234375 0.31015625 0.0734375 0.0828125
2 0.2390625 0.271875 0.0890625 0.0828125
2 0.06640625 0.384375 0.0484375 0.04375
2 0.66640625 0.31484375 0.028125 0.0828125
2 0.015625 0.39296875 0.03125 0.0359375