4 0.39609375 0.42265625 0.1859375 0.3328125
0 0.36953125 0.3 0.2390625 0.578125
1 0.6828125 0.51953125 0.134375 0.1390625
1 0.76015625 0.528125 0.1171875 0.121875
1 0.61953125 0.5234375 0.1203125 0.13125
3 0.646875 0.5015625 0.053125 0.0546875
3 0.76328125 0.509375 0.0578125 0.053125
3 0.70625 0.484375 0.0453125 0.0484375
3 0.96640625 0.79296875 0.025 0.028125
3 0.9953125 0.8140625 0.009375 0.034375
4 0.95 0.8625 0.0625 0.096875
4 0.98203125 0.8921875 0.0359375 0.103125
1 0.9421875 0.8828125 0.071875 0.225
1 0.9765625 0.8921875 0.046875 0.215625