2 0.35625 0.0859375 0.2 0.171875
2 0.10546875 0.18046875 0.1453125 0.1578125
0 0.3375 0.16953125 0.303125 0.3390625
0 0.12421875 0.21640625 0.2484375 0.2453125
1 0.91015625 0.16953125 0.1796875 0.3390625
3 0.46796875 0.371875 0.0421875 0.065625
1 0.4328125 0.66953125 0.1125 0.6609375
1 0.20390625 0.66484375 0.2109375 0.6515625
1 0.09296875 0.659375 0.1859375 0.640625
0 0.81328125 0.68671875 0.2546875 0.6265625
0 0.5890625 0.66953125 0.2 0.6609375
4 0.52421875 0.53671875 0.0703125 0.2609375
2 0.8015625 0.4234375 0.084375 0.0875