2 0.2984375 0.040625 0.065625 0.08125
0 0.3421875 0.22421875 0.18125 0.4484375
3 0.7421875 0.25625 0.0546875 0.03125
1 0.74765625 0.33984375 0.1921875 0.2375
1 0.05234375 0.79453125 0.1046875 0.4109375
1 0.16171875 0.79453125 0.2359375 0.4109375
2 0.471875 0.70625 0.065625 0.125
2 0.578125 0.6453125 0.15 0.1125
2 0.78046875 0.7578125 0.1296875 0.140625
2 0.95625 0.70390625 0.0875 0.1484375
4 0.50859375 0.9234375 0.1390625 0.153125
4 0.628125 0.87734375 0.2 0.2453125
4 0.8453125 0.91953125 0.25 0.1609375
0 0.50625 0.79765625 0.134375 0.4046875
0 0.61484375 0.79453125 0.2546875 0.4109375
0 0.83046875 0.8296875 0.2484375 0.340625