0 0.40546875 0.209375 0.1640625 0.41875
0 0.28203125 0.209375 0.2359375 0.41875
0 0.16796875 0.209375 0.2109375 0.41875
0 0.0734375 0.209375 0.146875 0.41875
3 0.87109375 0.26328125 0.05 0.0578125
1 0.875 0.325 0.153125 0.1875
0 0.0796875 0.6515625 0.159375 0.45
0 0.18203125 0.8140625 0.2828125 0.371875
2 0.06484375 0.46875 0.075 0.06875
2 0.46875 0.45859375 0.0625 0.0796875
2 0.19140625 0.66484375 0.0828125 0.0609375
2 0.340625 0.7484375 0.1203125 0.125
2 0.44765625 0.725 0.1046875 0.0875
0 0.44140625 0.8359375 0.1171875 0.328125
0 0.36484375 0.840625 0.2640625 0.31875
3 0.65390625 0.81484375 0.3078125 0.3046875
1 0.75 0.8203125 0.5 0.359375