0 0.28359375 0.209375 0.2703125 0.41875
1 0.9453125 0.2390625 0.109375 0.359375
1 0.4953125 0.1953125 0.153125 0.390625
3 0.46640625 0.02734375 0.0953125 0.0546875
3 0.8609375 0.36484375 0.103125 0.1015625
3 0.97734375 0.11640625 0.0453125 0.0890625
3 0.4734375 0.31640625 0.109375 0.1015625
3 0.58203125 0.3109375 0.0671875 0.0953125
3 0.11953125 0.71328125 0.0890625 0.059375
3 0.15703125 0.74375 0.05 0.0484375
3 0.24609375 0.7140625 0.0640625 0.0515625
3 0.3375 0.76484375 0.05 0.0375
1 0.0984375 0.83046875 0.196875 0.3390625
1 0.234375 0.82890625 0.15 0.3421875
1 0.32265625 0.86640625 0.1296875 0.2671875
1 0.3859375 0.87421875 0.065625 0.2515625
1 0.68046875 0.709375 0.3609375 0.58125
1 0.890625 0.709375 0.21875 0.58125