0 0.26484375 0.32734375 0.1890625 0.4046875
0 0.096875 0.303125 0.175 0.453125
0 0.028125 0.3046875 0.05625 0.45
0 0.13671875 0.1609375 0.1046875 0.321875
0 0.3390625 0.1328125 0.040625 0.25
0 0.05 0.0953125 0.075 0.1671875
3 0.73125 0.32265625 0.065625 0.0703125
4 0.79765625 0.440625 0.1640625 0.178125
1 0.77734375 0.38984375 0.2390625 0.2796875
0 0.28984375 0.8703125 0.1390625 0.259375
0 0.1828125 0.884375 0.2 0.23125
0 0.06953125 0.8921875 0.1390625 0.215625
2 0.0296875 0.81875 0.059375 0.08125
2 0.1609375 0.81796875 0.09375 0.090625
2 0.3015625 0.7890625 0.1015625 0.0828125
1 0.821875 0.76484375 0.2625 0.4703125
1 0.64609375 0.76484375 0.2078125 0.4703125
1 0.5234375 0.76484375 0.159375 0.4703125
1 0.41640625 0.76484375 0.1140625 0.4703125