4 0.56875 0.2265625 0.1 0.146875
3 0.8421875 0.05859375 0.1078125 0.09375
3 0.971875 0.04296875 0.05625 0.0515625
3 0.940625 0.0390625 0.0625 0.0546875
1 0.80703125 0.15234375 0.1984375 0.2953125
1 0.92109375 0.1640625 0.1578125 0.271875
0 0.309375 0.59140625 0.61875 0.5828125
2 0.54921875 0.38359375 0.1390625 0.1671875
2 0.66484375 0.50234375 0.0921875 0.1484375
2 0.875 0.5046875 0.196875 0.159375
4 0.69375 0.7921875 0.15 0.415625
4 0.85 0.7875 0.3 0.39375
0 0.7 0.70234375 0.1625 0.5953125
0 0.83671875 0.69296875 0.3265625 0.6140625