0 0.525 0.40859375 0.128125 0.5609375
0 0.384375 0.378125 0.1375 0.6109375
0 0.078125 0.36171875 0.15625 0.6546875
0 0.20390625 0.378125 0.1671875 0.621875
2 0.5609375 0.17421875 0.05625 0.0765625
2 0.4 0.11640625 0.06875 0.0625
2 0.2875 0.1140625 0.0640625 0.0671875
2 0.2203125 0.09921875 0.0734375 0.05625
2 0.0546875 0.07734375 0.096875 0.078125
0 0.28671875 0.34296875 0.1015625 0.5671875
1 0.6171875 0.3921875 0.05625 0.31875
1 0.89765625 0.4671875 0.084375 0.3859375
1 0.97734375 0.49296875 0.0453125 0.3921875
1 0.78359375 0.24765625 0.0578125 0.228125
1 0.76796875 0.19765625 0.04375 0.1703125
3 0.9078125 0.3171875 0.0328125 0.0703125
3 0.61328125 0.2625 0.03125 0.046875
3 0.771875 0.1296875 0.021875 0.021875
1 0.4484375 0.84453125 0.28125 0.3109375
1 0.8953125 0.84453125 0.209375 0.3109375