0 0.059375 0.65078125 0.11875 0.6734375
0 0.91875 0.64296875 0.1546875 0.7140625
0 0.171875 0.68828125 0.09375 0.61875
0 0.22578125 0.7046875 0.103125 0.5609375
0 0.34140625 0.6734375 0.1109375 0.5296875
0 0.46796875 0.665625 0.1484375 0.534375
0 0.5734375 0.63671875 0.078125 0.421875
0 0.65390625 0.634375 0.1203125 0.4765625
0 0.72265625 0.6640625 0.1015625 0.5484375
0 0.79765625 0.7 0.078125 0.6
2 0.06328125 0.36953125 0.10625 0.103125
2 0.18203125 0.428125 0.08125 0.096875
2 0.253125 0.44921875 0.053125 0.071875
2 0.33125 0.440625 0.0578125 0.0640625
2 0.4671875 0.43984375 0.065625 0.065625
2 0.575 0.45 0.0359375 0.0484375
2 0.6578125 0.43515625 0.0484375 0.0703125
2 0.74453125 0.4265625 0.040625 0.0578125
2 0.9109375 0.3546875 0.11875 0.1125
2 0.79453125 0.453125 0.0640625 0.084375