0 0.16953125 0.44453125 0.3390625 0.6484375
0 0.30546875 0.5109375 0.0671875 0.515625
0 0.09375 0.47578125 0.1875 0.5859375
0 0.05625 0.37265625 0.109375 0.309375
0 0.03515625 0.5046875 0.0703125 0.528125
1 0.35703125 0.38125 0.0359375 0.68125
1 0.40390625 0.428125 0.1296875 0.625
1 0.4484375 0.45 0.1515625 0.5671875
1 0.565625 0.42890625 0.15625 0.5375
1 0.69296875 0.4328125 0.19375 0.5453125
1 0.8 0.41328125 0.1140625 0.4265625
1 0.88046875 0.41796875 0.1609375 0.484375
1 0.9359375 0.45234375 0.128125 0.5546875
1 0.9765625 0.48046875 0.046875 0.5765625
3 0.35546875 0.1015625 0.0328125 0.1125
3 0.42890625 0.17109375 0.0890625 0.103125
3 0.49765625 0.1984375 0.059375 0.0765625
3 0.57578125 0.19609375 0.0625 0.06875
3 0.71171875 0.2078125 0.071875 0.071875
3 0.81796875 0.22734375 0.040625 0.0515625
3 0.9015625 0.21953125 0.0546875 0.075
3 0.9828125 0.21796875 0.034375 0.0609375
1 0.13671875 0.884375 0.2203125 0.23125
1 0.278125 0.884375 0.121875 0.23125
1 0.8703125 0.884375 0.259375 0.23125
3 0.90859375 0.825 0.1828125 0.1125