2 0.14296875 0.1984375 0.2859375 0.234375
0 0.14765625 0.25078125 0.2953125 0.4171875
1 0.56875 0.2296875 0.278125 0.459375
1 0.77421875 0.24921875 0.4515625 0.4203125
3 0.48515625 0.10390625 0.1109375 0.2078125
3 0.9203125 0.21953125 0.159375 0.1953125
0 0.221875 0.871875 0.2375 0.25625
0 0.0703125 0.86484375 0.140625 0.2703125
0 0.034375 0.86640625 0.06875 0.2671875
0 0.87890625 0.78046875 0.2421875 0.4390625
0 0.60078125 0.74453125 0.3421875 0.5109375
2 0.93984375 0.628125 0.1203125 0.125
2 0.60546875 0.575 0.14375 0.115625