0 0.1953125 0.2546875 0.075 0.1578125
0 0.31953125 0.24453125 0.0875 0.1890625
2 0.1953125 0.18359375 0.0453125 0.0296875
0 0.29296875 0.14453125 0.0640625 0.1859375
2 0.3140625 0.16796875 0.034375 0.01875
2 0.2921875 0.06484375 0.0421875 0.0140625
4 0.19765625 0.240625 0.0734375 0.0671875
4 0.3171875 0.2234375 0.0984375 0.1
4 0.2921875 0.11171875 0.059375 0.06875
1 0.47265625 0.684375 0.2328125 0.390625
1 0.32578125 0.69140625 0.1703125 0.4046875
1 0.9640625 0.71953125 0.071875 0.2015625
1 0.80234375 0.61015625 0.0609375 0.2421875
1 0.68203125 0.6171875 0.1109375 0.240625
1 0.92734375 0.578125 0.0734375 0.178125
3 0.98515625 0.64921875 0.0296875 0.0546875
3 0.65 0.5359375 0.034375 0.0625