0 0.55703125 0.07109375 0.1203125 0.1421875
0 0.11484375 0.23984375 0.2296875 0.4796875
1 0.821875 0.4421875 0.215625 0.075
1 0.90234375 0.371875 0.1046875 0.215625
3 0.821875 0.44921875 0.0578125 0.059375
3 0.88046875 0.28046875 0.0484375 0.034375
4 0.9046875 0.378125 0.0703125 0.125
3 0.4640625 0.5453125 0.196875 0.13125
3 0.24375 0.53359375 0.103125 0.075
1 0.0640625 0.75625 0.128125 0.40625
1 0.45703125 0.6875 0.4046875 0.415625
1 0.22109375 0.61171875 0.2203125 0.23125
1 0.5671875 0.553125 0.171875 0.146875
1 0.871875 0.89609375 0.25 0.2078125
3 0.91015625 0.83125 0.065625 0.0765625