2 0.43359375 0.04375 0.2921875 0.0875
4 0.47734375 0.246875 0.2046875 0.44375
0 0.38125 0.234375 0.396875 0.46875
1 0.76015625 0.234375 0.3609375 0.46875
1 0.16953125 0.78515625 0.23125 0.365625
1 0.0984375 0.6078125 0.11875 0.278125
3 0.17734375 0.64921875 0.0609375 0.0609375
3 0.1265625 0.4828125 0.05 0.028125
4 0.203125 0.7796875 0.128125 0.184375
4 0.0984375 0.57421875 0.0765625 0.1265625
4 0.9671875 0.8953125 0.065625 0.209375
4 0.86328125 0.89921875 0.1640625 0.2015625
1 0.9515625 0.83046875 0.096875 0.3390625
1 0.8328125 0.840625 0.2875 0.31875