0 0.4765625 0.35625 0.146875 0.365625
0 0.0859375 0.3296875 0.171875 0.41875
0 0.24296875 0.3546875 0.3328125 0.36875
0 0.34296875 0.35703125 0.2546875 0.3640625
2 0.078125 0.17578125 0.15625 0.1140625
2 0.29296875 0.24765625 0.134375 0.1390625
2 0.40625 0.27578125 0.06875 0.0546875
2 0.35390625 0.22265625 0.0796875 0.0671875
0 0.98046875 0.35078125 0.0390625 0.3765625
0 0.90078125 0.3515625 0.1453125 0.375
0 0.81875 0.3453125 0.134375 0.3875
0 0.74921875 0.3515625 0.0890625 0.375
0 0.6625 0.3296875 0.134375 0.41875
0 0.70703125 0.35234375 0.1046875 0.3734375
0 0.60234375 0.33203125 0.1046875 0.4140625
4 0.3140625 0.93125 0.390625 0.1375
0 0.30234375 0.79921875 0.4953125 0.4015625
1 0.71328125 0.76953125 0.3265625 0.4609375
1 0.90390625 0.76953125 0.1921875 0.4609375