2 0.5859375 0.5640625 0.021875 0.0265625
2 0.621875 0.57578125 0.0265625 0.0328125
2 0.49921875 0.54140625 0.0265625 0.0296875
2 0.41171875 0.50859375 0.046875 0.0546875
2 0.3421875 0.5171875 0.040625 0.05
2 0.246875 0.47734375 0.0859375 0.0625
2 0.17265625 0.49296875 0.0625 0.0515625
2 0.1421875 0.453125 0.053125 0.0484375
2 0.196875 0.459375 0.0265625 0.0328125
0 0.7796875 0.61796875 0.040625 0.0640625
0 0.67421875 0.60234375 0.0765625 0.0953125
0 0.6015625 0.60625 0.065625 0.0875
0 0.56953125 0.59765625 0.0640625 0.1046875
0 0.48671875 0.5890625 0.0640625 0.121875
0 0.4109375 0.565625 0.128125 0.16875
0 0.3203125 0.57734375 0.071875 0.1453125
0 0.0796875 0.54140625 0.09375 0.2171875
0 0.2828125 0.55390625 0.096875 0.1921875
0 0.25703125 0.54140625 0.0953125 0.2171875
0 0.20078125 0.54375 0.1234375 0.2125
0 0.12109375 0.5359375 0.0984375 0.228125
0 0.15625 0.5546875 0.078125 0.190625
3 0.50390625 0.778125 0.084375 0.0703125
1 0.50625 0.86953125 0.196875 0.2609375
4 0.859375 0.71796875 0.11875 0.1359375
4 0.91953125 0.81328125 0.1609375 0.3265625
0 0.875 0.8203125 0.15 0.340625
0 0.9203125 0.81640625 0.159375 0.3328125