0 0.4765625 0.30859375 0.165625 0.3828125
0 0.34140625 0.2890625 0.2640625 0.421875
0 0.14765625 0.27890625 0.2578125 0.4421875
0 0.2390625 0.2703125 0.28125 0.459375
1 0.6953125 0.3109375 0.2296875 0.29375
3 0.571875 0.19921875 0.025 0.0421875
3 0.234375 0.56015625 0.040625 0.040625
3 0.4015625 0.5515625 0.04375 0.034375
3 0.490625 0.58046875 0.0328125 0.03125
4 0.44921875 0.61953125 0.1109375 0.08125
4 0.3640625 0.60234375 0.0953125 0.0890625
4 0.1703125 0.5734375 0.096875 0.084375
4 0.0375 0.53984375 0.075 0.0796875
1 0.4484375 0.64453125 0.1234375 0.18125
1 0.365625 0.6171875 0.1140625 0.1921875
1 0.184375 0.590625 0.159375 0.1390625
1 0.03984375 0.565625 0.0796875 0.13125
3 0.65625 0.95078125 0.059375 0.0546875
3 0.7234375 0.94140625 0.0578125 0.0515625
3 0.828125 0.95703125 0.0578125 0.0546875
3 0.97890625 0.9875 0.0421875 0.025