0 0.90703125 0.53671875 0.1828125 0.75625
0 0.76171875 0.4734375 0.146875 0.51875
0 0.21796875 0.50703125 0.3765625 0.409375
0 0.2765625 0.2328125 0.171875 0.2375
0 0.68046875 0.26171875 0.1390625 0.2859375
0 0.56015625 0.27421875 0.090625 0.196875
2 0.9046875 0.2234375 0.190625 0.1078125
2 0.78203125 0.2640625 0.1265625 0.1171875
2 0.66328125 0.15390625 0.059375 0.040625
2 0.42265625 0.2265625 0.0484375 0.0515625
2 0.38671875 0.14921875 0.053125 0.0578125
2 0.325 0.3625 0.1671875 0.1109375
2 0.578125 0.19140625 0.046875 0.04375