0 0.2265625 0.4296875 0.225 0.459375
0 0.11015625 0.5109375 0.1296875 0.2328125
2 0.20859375 0.26328125 0.1125 0.1046875
2 0.0421875 0.31328125 0.05625 0.059375
2 0.06953125 0.42578125 0.05 0.05625
3 0.38203125 0.20546875 0.0859375 0.0859375
3 0.58671875 0.196875 0.0734375 0.0609375
3 0.66953125 0.190625 0.0890625 0.0765625
3 0.7640625 0.16484375 0.0609375 0.0546875
3 0.9015625 0.15859375 0.0796875 0.0671875
3 0.34609375 0.23359375 0.0140625 0.0703125
1 0.4796875 0.40625 0.28125 0.50625
1 0.75546875 0.396875 0.3546875 0.525
1 0.60078125 0.35625 0.171875 0.38125
1 0.7890625 0.3 0.175 0.3421875
1 0.91171875 0.375 0.1765625 0.56875
4 0.44765625 0.46875 0.2171875 0.35625
4 0.709375 0.3984375 0.1828125 0.3015625
4 0.609375 0.3703125 0.1046875 0.2140625
4 0.92890625 0.34375 0.1421875 0.246875
4 0.79765625 0.3046875 0.103125 0.1765625
3 0.19140625 0.68359375 0.0734375 0.0484375
3 0.1125 0.6671875 0.05625 0.015625
3 0.15625 0.78046875 0.06875 0.0859375
3 0.0546875 0.7875 0.0640625 0.0765625
3 0.0203125 0.809375 0.040625 0.065625
1 0.29375 0.8375 0.090625 0.23125
1 0.1984375 0.85234375 0.1703125 0.2578125
1 0.08203125 0.8671875 0.1421875 0.2609375