0 0.2125 0.31953125 0.1875 0.1390625
0 0.06015625 0.29609375 0.1203125 0.1859375
0 0.39140625 0.2890625 0.1171875 0.2
0 0.34140625 0.2453125 0.0828125 0.2875
0 0.11171875 0.26015625 0.078125 0.246875
0 0.015625 0.18046875 0.03125 0.0984375
0 0.42109375 0.20078125 0.0578125 0.1640625
1 0.953125 0.146875 0.09375 0.29375
1 0.85234375 0.1484375 0.0859375 0.296875
1 0.78984375 0.07890625 0.0578125 0.1578125
1 0.71328125 0.16015625 0.1140625 0.3203125
1 0.52265625 0.19453125 0.1453125 0.3890625
3 0.01484375 0.67109375 0.0296875 0.0703125
3 0.13359375 0.68515625 0.05625 0.0515625
3 0.2421875 0.7171875 0.0578125 0.046875
1 0.23359375 0.85 0.1015625 0.3
1 0.13203125 0.82734375 0.1015625 0.3453125
1 0.6765625 0.7421875 0.13125 0.515625
1 0.93828125 0.76015625 0.0671875 0.3578125
1 0.80546875 0.73984375 0.10625 0.3515625
1 0.60078125 0.703125 0.0515625 0.284375
3 0.93984375 0.59375 0.0296875 0.03125
3 0.990625 0.60078125 0.01875 0.0515625
3 0.8078125 0.5828125 0.0421875 0.0484375
3 0.6625 0.52890625 0.075 0.065625