0 0.36953125 0.31484375 0.1796875 0.6296875
0 0.5140625 0.228125 0.109375 0.45625
0 0.646875 0.31484375 0.26875 0.6296875
2 0.70859375 0.0125 0.1015625 0.025
4 0.50546875 0.08125 0.0921875 0.1625
4 0.66640625 0.15703125 0.159375 0.2828125
3 0.41015625 0.7984375 0.0984375 0.284375
1 0.36171875 0.815625 0.1953125 0.36875
1 0.19453125 0.81484375 0.3890625 0.3703125
3 0.69921875 0.6875 0.1265625 0.115625
3 0.7796875 0.92734375 0.13125 0.1453125
3 0.628125 0.96015625 0.1 0.0796875
4 0.67265625 0.8265625 0.159375 0.2078125
1 0.6640625 0.81484375 0.2625 0.3703125
1 0.7921875 0.92265625 0.28125 0.1546875