0 0.11875 0.25 0.2375 0.5
0 0.321875 0.25 0.275 0.5
4 0.38125 0.15859375 0.15625 0.3171875
0 0.5765625 0.35546875 0.19375 0.2890625
0 0.70703125 0.33671875 0.2515625 0.3265625
0 0.92578125 0.384375 0.1484375 0.23125
0 0.865625 0.38515625 0.115625 0.2296875
0 0.81640625 0.38671875 0.1171875 0.2265625
2 0.615625 0.24140625 0.0546875 0.0484375
2 0.74921875 0.228125 0.075 0.0890625
2 0.98359375 0.3015625 0.0328125 0.05625
2 0.85234375 0.284375 0.040625 0.028125
2 0.90078125 0.29140625 0.034375 0.0390625
0 0.2484375 0.75 0.421875 0.5
0 0.3375 0.9234375 0.24375 0.153125
2 0.371875 0.53671875 0.175 0.0734375
2 0.3671875 0.92734375 0.184375 0.1453125