0 0.91640625 0.5796875 0.1671875 0.8375
0 0.70859375 0.66171875 0.125 0.659375
0 0.5484375 0.58671875 0.10625 0.60625
0 0.075 0.60390625 0.15 0.7921875
0 0.22890625 0.63125 0.1484375 0.7375
0 0.37109375 0.63046875 0.13125 0.684375
2 0.06640625 0.271875 0.1328125 0.1078125
2 0.91015625 0.22109375 0.15 0.1203125
2 0.72109375 0.37421875 0.065625 0.0734375
2 0.55 0.32421875 0.065625 0.059375
2 0.4375 0.328125 0.0609375 0.0640625
2 0.36953125 0.31640625 0.0703125 0.053125
2 0.203125 0.30390625 0.09375 0.0734375
0 0.44921875 0.55703125 0.071875 0.5640625