0 0.2546875 0.275 0.509375 0.55
4 0.20625 0.34921875 0.396875 0.4015625
1 0.56484375 0.275 0.1109375 0.55
1 0.7875 0.30625 0.4125 0.4875
3 0.82109375 0.15546875 0.134375 0.1265625
1 0.1609375 0.775 0.321875 0.45
1 0.06640625 0.6484375 0.1328125 0.196875
1 0.25234375 0.6421875 0.1578125 0.184375
1 0.38515625 0.775 0.2484375 0.45
4 0.1453125 0.665625 0.16875 0.23125
4 0.06015625 0.61484375 0.0953125 0.1296875
4 0.37109375 0.6625 0.1328125 0.225
4 0.25859375 0.60546875 0.0953125 0.1109375
1 0.69453125 0.775 0.3703125 0.45
1 0.8625 0.775 0.275 0.45
4 0.8953125 0.815625 0.209375 0.36875
4 0.63828125 0.775 0.2578125 0.45