0 0.503125 0.26953125 0.271875 0.5390625
0 0.30625 0.365625 0.153125 0.346875
2 0.3203125 0.22421875 0.0453125 0.04375
0 0.0703125 0.43515625 0.140625 0.1859375
2 0.10625 0.37734375 0.0640625 0.059375
4 0.928125 0.1859375 0.14375 0.371875
4 0.7515625 0.27265625 0.225 0.4765625
0 0.92109375 0.26953125 0.1578125 0.5390625
0 0.75859375 0.259375 0.2390625 0.51875
3 0.61328125 0.7234375 0.0515625 0.09375
3 0.46328125 0.6453125 0.0484375 0.046875
3 0.37265625 0.66640625 0.0484375 0.0484375
3 0.0765625 0.60859375 0.153125 0.1390625
1 0.34296875 0.81796875 0.1296875 0.3640625
1 0.4515625 0.81015625 0.1375 0.3796875
1 0.0703125 0.76953125 0.140625 0.4609375
1 0.56015625 0.8296875 0.1578125 0.340625
3 0.653125 0.63125 0.028125 0.0375
4 0.70625 0.6609375 0.0921875 0.078125
4 0.865625 0.65859375 0.109375 0.09375
1 0.7015625 0.67421875 0.125 0.1296875
1 0.86328125 0.67421875 0.11875 0.1640625