2 0.5515625 0.40390625 0.0453125 0.0578125
2 0.421875 0.32734375 0.0546875 0.0421875
2 0.30234375 0.31953125 0.05625 0.053125
2 0.21015625 0.3046875 0.0421875 0.0265625
2 0.1015625 0.30078125 0.0609375 0.0578125
0 0.11953125 0.35 0.1359375 0.178125
0 0.22421875 0.359375 0.1234375 0.159375
0 0.33046875 0.3671875 0.1296875 0.14375
0 0.44609375 0.36640625 0.1265625 0.1453125
0 0.8046875 0.21953125 0.390625 0.4390625
2 0.7921875 0.0765625 0.190625 0.153125
1 0.17578125 0.71953125 0.3515625 0.5609375
1 0.88984375 0.88046875 0.2203125 0.2390625
1 0.70234375 0.87421875 0.1859375 0.2515625
3 0.84765625 0.8484375 0.14375 0.153125
3 0.66875 0.82890625 0.11875 0.1484375