0 0.47421875 0.746875 0.203125 0.3921875
0 0.2828125 0.5328125 0.2609375 0.3625
0 0.49765625 0.3359375 0.2203125 0.1421875
0 0.675 0.81015625 0.196875 0.3453125
0 0.728125 0.62421875 0.103125 0.146875
0 0.6875 0.66875 0.1375 0.1765625
0 0.08671875 0.059375 0.1265625 0.11875
0 0.04765625 0.08828125 0.0953125 0.159375
2 0.53046875 0.30703125 0.0828125 0.0640625
2 0.48203125 0.58359375 0.078125 0.0578125
2 0.665625 0.61875 0.0765625 0.0546875
2 0.34921875 0.509375 0.09375 0.0703125
2 0.71953125 0.5765625 0.0828125 0.046875