2 0.45625 0.14609375 0.046875 0.2046875
0 0.4234375 0.34296875 0.1125 0.4515625
1 0.81953125 0.284375 0.2953125 0.56875
1 0.728125 0.284375 0.19375 0.56875
1 0.62265625 0.284375 0.2015625 0.56875
1 0.5328125 0.40703125 0.10625 0.3234375
1 0.54375 0.28125 0.128125 0.5625
1 0.49921875 0.203125 0.0390625 0.334375
3 0.709375 0.00859375 0.0875 0.0171875
3 0.61015625 0.01171875 0.0671875 0.0234375
3 0.5203125 0.02734375 0.053125 0.0546875
3 0.48828125 0.07109375 0.0171875 0.0640625
3 0.04453125 0.7453125 0.0890625 0.096875
1 0.12109375 0.84453125 0.2421875 0.3109375
3 0.6953125 0.83828125 0.25 0.1890625
1 0.73984375 0.85 0.5203125 0.3