2 0.2046875 0.35703125 0.2328125 0.1546875
0 0.23359375 0.3546875 0.4609375 0.228125
1 0.9546875 0.25625 0.090625 0.425
1 0.91640625 0.2609375 0.1390625 0.415625
1 0.73828125 0.23828125 0.1796875 0.4609375
1 0.84453125 0.2375 0.1234375 0.4625
1 0.6328125 0.234375 0.128125 0.46875
3 0.94765625 0.09375 0.0609375 0.075
3 0.85546875 0.05625 0.06875 0.075
3 0.7640625 0.0328125 0.0875 0.065625
3 0.6421875 0.0375 0.0875 0.0734375
1 0.36796875 0.8015625 0.2015625 0.396875
1 0.27734375 0.81171875 0.1296875 0.3765625
3 0.2796875 0.6640625 0.0625 0.078125
3 0.39296875 0.6453125 0.071875 0.0796875
1 0.6828125 0.4984375 0.1 0.059375