0 0.06640625 0.290625 0.1328125 0.278125
0 0.22109375 0.26953125 0.1265625 0.3203125
0 0.39765625 0.275 0.1546875 0.309375
2 0.05703125 0.19609375 0.06875 0.075
2 0.2296875 0.15234375 0.0671875 0.0609375
2 0.3421875 0.16015625 0.0640625 0.065625
2 0.41015625 0.15078125 0.071875 0.05625
0 0.32109375 0.2671875 0.0921875 0.325
1 0.9375 0.32734375 0.125 0.2046875
1 0.7328125 0.3296875 0.18125 0.2
2 0.4515625 0.5171875 0.096875 0.175
0 0.43359375 0.71484375 0.1328125 0.5703125
0 0.37578125 0.734375 0.1359375 0.53125
0 0.56875 0.71484375 0.1375 0.5703125
0 0.7390625 0.71484375 0.31875 0.5703125
0 0.95390625 0.71875 0.0921875 0.5625