4 0.0703125 0.175 0.140625 0.35
4 0.30859375 0.27421875 0.2484375 0.1515625
0 0.48359375 0.175 0.1109375 0.35
0 0.3125 0.175 0.25 0.35
0 0.0765625 0.175 0.153125 0.35
1 0.83828125 0.2203125 0.1015625 0.259375
1 0.753125 0.22265625 0.096875 0.2546875
1 0.7 0.20859375 0.0875 0.2828125
1 0.58359375 0.20078125 0.0890625 0.2984375
3 0.75703125 0.140625 0.059375 0.0875
0 0.0859375 0.65234375 0.16875 0.6046875
0 0.46875 0.53671875 0.140625 0.3734375
4 0.08828125 0.471875 0.1234375 0.24375
1 0.7859375 0.61484375 0.428125 0.5296875
3 0.63828125 0.39921875 0.1265625 0.0984375