2 0.45546875 0.2921875 0.025 0.0296875
2 0.36171875 0.28828125 0.0453125 0.0546875
2 0.2984375 0.31796875 0.0390625 0.05
2 0.19609375 0.309375 0.084375 0.0609375
2 0.1296875 0.34765625 0.0609375 0.05
2 0.08828125 0.31875 0.0515625 0.046875
2 0.1421875 0.3078125 0.0265625 0.0328125
0 0.46328125 0.34921875 0.0515625 0.1390625
0 0.4015625 0.33671875 0.11875 0.1640625
0 0.3140625 0.36171875 0.0625 0.1140625
0 0.065625 0.365625 0.084375 0.10625
0 0.271875 0.3453125 0.0875 0.146875
0 0.2421875 0.3375 0.084375 0.1625
0 0.18828125 0.3484375 0.1140625 0.140625
0 0.10859375 0.353125 0.0890625 0.13125
0 0.1484375 0.36640625 0.06875 0.1046875
0 0.10546875 0.709375 0.2109375 0.58125
4 0.0546875 0.7984375 0.109375 0.403125
0 0.62734375 0.7125 0.2765625 0.575
2 0.6078125 0.48203125 0.1140625 0.125