0 0.32109375 0.33203125 0.2328125 0.2140625
0 0.08984375 0.278125 0.1796875 0.321875
2 0.04140625 0.16875 0.0828125 0.078125
2 0.2984375 0.27421875 0.0828125 0.0859375
1 0.89375 0.21953125 0.2125 0.4390625
1 0.675 0.15390625 0.190625 0.3078125
3 0.86171875 0.0421875 0.0984375 0.084375
3 0.72578125 0.01015625 0.0890625 0.0203125
4 0.91875 0.16640625 0.1625 0.2640625
4 0.6453125 0.078125 0.13125 0.15625
0 0.39453125 0.75703125 0.2640625 0.4859375
0 0.30234375 0.8171875 0.1703125 0.365625
0 0.2 0.80859375 0.18125 0.3828125
0 0.0234375 0.8125 0.046875 0.375
0 0.1046875 0.8203125 0.140625 0.359375
0 0.0625 0.84296875 0.075 0.3140625
2 0.39296875 0.57890625 0.1 0.11875
2 0.32578125 0.66875 0.0859375 0.065625
2 0.22578125 0.665625 0.065625 0.0546875
2 0.1328125 0.6828125 0.0515625 0.059375
2 0.075 0.72109375 0.053125 0.0625
2 0.0125 0.6609375 0.025 0.059375
2 0.02265625 0.93125 0.0453125 0.075
3 0.94765625 0.6375 0.1046875 0.10625
3 0.76171875 0.6703125 0.1234375 0.1125
4 0.92890625 0.871875 0.1421875 0.25625
4 0.740625 0.8734375 0.2 0.253125
1 0.92109375 0.78984375 0.1578125 0.4203125
1 0.74375 0.79453125 0.234375 0.4109375