0 0.2765625 0.2546875 0.221875 0.446875
0 0.14375 0.37421875 0.26875 0.2703125
2 0.24765625 0.071875 0.0734375 0.065625
2 0.128125 0.271875 0.08125 0.059375
2 0.0203125 0.3609375 0.040625 0.121875
2 0.94453125 0.2515625 0.1109375 0.20625
0 0.903125 0.3328125 0.19375 0.353125
0 0.84296875 0.35625 0.1921875 0.30625
1 0.2046875 0.7546875 0.409375 0.490625
4 0.1859375 0.82890625 0.371875 0.3421875
3 0.621875 0.865625 0.0578125 0.0515625
3 0.809375 0.87421875 0.059375 0.0625
3 0.88203125 0.93828125 0.065625 0.084375
3 0.94453125 0.8875 0.084375 0.0890625
1 0.5984375 0.91875 0.171875 0.1625
1 0.7140625 0.92890625 0.109375 0.1421875
1 0.76015625 0.9203125 0.1765625 0.159375
1 0.83125 0.9453125 0.159375 0.109375
1 0.9234375 0.9203125 0.153125 0.159375