0 0.29453125 0.259375 0.2421875 0.51875
0 0.10078125 0.24453125 0.2015625 0.4890625
2 0.09296875 0.04140625 0.0703125 0.0828125
3 0.59921875 0.25 0.090625 0.1
3 0.7203125 0.12890625 0.128125 0.1421875
3 0.7921875 0.25234375 0.09375 0.0890625
3 0.6765625 0.24765625 0.075 0.1
3 0.94296875 0.19140625 0.1140625 0.1140625
1 0.5828125 0.35703125 0.121875 0.3234375
1 0.70546875 0.28828125 0.1890625 0.4609375
1 0.784375 0.36484375 0.121875 0.3078125
1 0.9203125 0.328125 0.159375 0.38125
1 0.6640625 0.35859375 0.08125 0.3203125
0 0.09921875 0.759375 0.1984375 0.48125
0 0.34765625 0.759375 0.1828125 0.48125
4 0.38828125 0.671875 0.1015625 0.30625
0 0.59921875 0.86796875 0.2484375 0.2640625
0 0.77890625 0.9296875 0.0765625 0.140625
2 0.64296875 0.80234375 0.115625 0.14375
0 0.82890625 0.93984375 0.0453125 0.1203125
2 0.98359375 0.96328125 0.0328125 0.0734375
2 0.78203125 0.88046875 0.04375 0.0375
2 0.83359375 0.89375 0.0296875 0.053125