0 0.05859375 0.07890625 0.1171875 0.1578125
0 0.134375 0.07578125 0.15625 0.1515625
0 0.23359375 0.09453125 0.1609375 0.1890625
0 0.3203125 0.12109375 0.11875 0.2421875
3 0.59140625 0.3828125 0.071875 0.0546875
1 0.5453125 0.43984375 0.246875 0.2203125
1 0.0390625 0.86796875 0.078125 0.2640625
1 0.071875 0.85625 0.11875 0.2875
1 0.12109375 0.8640625 0.1515625 0.271875
1 0.1984375 0.88515625 0.1375 0.2296875
1 0.2890625 0.84765625 0.13125 0.3046875
3 0.02265625 0.76484375 0.0453125 0.0578125
3 0.240625 0.80390625 0.0546875 0.046875
3 0.3203125 0.72265625 0.04375 0.0328125
1 0.4109375 0.78046875 0.0625 0.3796875
1 0.55703125 0.8078125 0.09375 0.234375
1 0.6 0.6203125 0.0515625 0.1203125
1 0.8859375 0.7265625 0.0609375 0.175
1 0.81328125 0.640625 0.05625 0.153125
1 0.68515625 0.6140625 0.04375 0.1140625
1 0.7265625 0.62109375 0.05 0.109375
3 0.8984375 0.65546875 0.028125 0.0265625
3 0.40625 0.6234375 0.05 0.05625
3 0.5703125 0.69453125 0.028125 0.034375
3 0.5921875 0.58359375 0.034375 0.028125
3 0.81953125 0.59765625 0.028125 0.0296875
3 0.69375 0.5671875 0.0078125 0.0140625
3 0.734375 0.58046875 0.0234375 0.0109375