0 0.06796875 0.27734375 0.1359375 0.5546875
0 0.29375 0.25 0.1375 0.5
0 0.37421875 0.1953125 0.0296875 0.390625
0 0.2 0.17265625 0.071875 0.3453125
0 0.1484375 0.1625 0.078125 0.325
2 0.3125 0.01015625 0.05625 0.0203125
2 0.16484375 0.00390625 0.0390625 0.0078125
2 0.21328125 0.0078125 0.0296875 0.015625
2 0.4703125 0.1 0.1625 0.2
0 0.47578125 0.3015625 0.1734375 0.596875
0 0.53671875 0.33515625 0.1640625 0.5296875
1 0.20703125 0.8 0.3640625 0.4
1 0.54765625 0.8 0.3171875 0.4
1 0.83671875 0.8 0.3265625 0.4
3 0.9390625 0.6375 0.121875 0.075
3 0.62734375 0.6546875 0.1734375 0.109375