0 0.36875 0.1796875 0.259375 0.359375
2 0.32578125 0.015625 0.1015625 0.03125
1 0.0796875 0.8125 0.159375 0.375
1 0.146875 0.81328125 0.14375 0.3734375
1 0.0359375 0.81484375 0.071875 0.3703125
1 0.23203125 0.7828125 0.140625 0.371875
1 0.30859375 0.76640625 0.1203125 0.3375
1 0.4015625 0.74453125 0.1765625 0.4234375
1 0.58046875 0.7796875 0.1578125 0.440625
3 0.546875 0.59921875 0.0609375 0.05625
3 0.3546875 0.61796875 0.0421875 0.0453125
3 0.29375 0.63125 0.040625 0.046875
3 0.22265625 0.63125 0.053125 0.05
3 0.11796875 0.6609375 0.059375 0.05
3 0.028125 0.67265625 0.05625 0.0765625
0 0.92734375 0.6625 0.1453125 0.60625
0 0.7390625 0.73046875 0.159375 0.4328125
2 0.95 0.37265625 0.1 0.0265625
2 0.67890625 0.55234375 0.0390625 0.0546875
4 0.96796875 0.50078125 0.0640625 0.2640625
4 0.7109375 0.61953125 0.0875 0.1625