0 0.628125 0.59453125 0.2859375 0.6125
0 0.88046875 0.603125 0.2390625 0.578125
0 0.08984375 0.59921875 0.1765625 0.6109375
0 0.2890625 0.6125 0.2640625 0.5765625
0 0.3890625 0.61015625 0.184375 0.59375
0 0.9671875 0.41015625 0.065625 0.20625
2 0.0859375 0.3390625 0.15 0.096875
2 0.96484375 0.34453125 0.0703125 0.0703125
2 0.87890625 0.35703125 0.1140625 0.0875
2 0.31015625 0.384375 0.1203125 0.125
2 0.42578125 0.3984375 0.0640625 0.046875
2 0.62265625 0.32421875 0.1234375 0.08125
2 0.7234375 0.34296875 0.103125 0.059375
2 0.36796875 0.3515625 0.0734375 0.059375