2 0.0328125 0.15 0.065625 0.1875
2 0.50859375 0.09609375 0.146875 0.171875
0 0.5484375 0.1953125 0.203125 0.36875
1 0.54921875 0.68984375 0.2015625 0.6203125
1 0.3171875 0.68984375 0.384375 0.6203125
4 0.34140625 0.81640625 0.2171875 0.3671875
4 0.6015625 0.68984375 0.096875 0.6203125
0 0.94375 0.7078125 0.1125 0.459375
2 0.96171875 0.50625 0.0765625 0.053125
2 0.82890625 0.61328125 0.1078125 0.1125
2 0.715625 0.6078125 0.1046875 0.075
0 0.71796875 0.78125 0.1359375 0.4375
0 0.8375 0.778125 0.2 0.44375