0 0.33671875 0.1984375 0.3296875 0.28125
0 0.146875 0.2109375 0.29375 0.25625
2 0.22578125 0.1109375 0.0875 0.0734375
2 0.11796875 0.1265625 0.09375 0.078125
1 0.72421875 0.1953125 0.1671875 0.2875
1 0.7953125 0.19609375 0.16875 0.2859375
1 0.85625 0.1640625 0.1140625 0.321875
1 0.91796875 0.16953125 0.1453125 0.3390625
1 0.96484375 0.175 0.0703125 0.328125
1 0.60703125 0.1421875 0.0953125 0.284375
1 0.64296875 0.11953125 0.1234375 0.2390625
3 0.5828125 0.01015625 0.046875 0.0203125
3 0.6328125 0.00703125 0.034375 0.0140625
3 0.76328125 0.08203125 0.059375 0.05625
3 0.98046875 0.0375 0.0390625 0.046875
1 0.4296875 0.66953125 0.259375 0.6609375
1 0.23203125 0.66953125 0.4640625 0.6609375
3 0.88359375 0.4890625 0.1125 0.096875
1 0.90546875 0.715625 0.1890625 0.56875
1 0.68359375 0.75625 0.2484375 0.4875
1 0.62265625 0.7703125 0.1265625 0.459375