0 0.2734375 0.1546875 0.24375 0.309375
0 0.07734375 0.1546875 0.1546875 0.309375
1 0.76953125 0.28046875 0.1828125 0.0578125
3 0.8265625 0.290625 0.084375 0.0375
1 0.2875 0.77734375 0.3625 0.4453125
1 0.25234375 0.59921875 0.228125 0.5546875
3 0.390625 0.64296875 0.121875 0.121875
3 0.27890625 0.3625 0.0765625 0.065625
4 0.340625 0.83046875 0.25625 0.2796875
4 0.26953125 0.49609375 0.1421875 0.196875
3 0.75 0.3796875 0.05 0.05625
3 0.97734375 0.42734375 0.0453125 0.0578125
1 0.8984375 0.6015625 0.203125 0.434375
1 0.7265625 0.48203125 0.15 0.271875
1 0.953125 0.3578125 0.09375 0.096875