0 0.26015625 0.234375 0.4984375 0.46875
4 0.27109375 0.140625 0.2359375 0.275
1 0.9015625 0.234375 0.196875 0.46875
1 0.778125 0.234375 0.278125 0.46875
3 0.7359375 0.0453125 0.08125 0.090625
3 0.64453125 0.43671875 0.0953125 0.0640625
1 0.2125 0.80625 0.184375 0.3875
1 0.3515625 0.76328125 0.240625 0.4734375
1 0.46796875 0.75390625 0.0828125 0.3671875
1 0.43125 0.7609375 0.1109375 0.3375
3 0.17109375 0.6453125 0.0546875 0.0484375
3 0.29140625 0.58515625 0.0734375 0.0875
3 0.4078125 0.60078125 0.040625 0.028125
3 0.45625 0.58984375 0.034375 0.0390625
1 0.73125 0.734375 0.44375 0.53125