4 0.18125 0.2546875 0.253125 0.36875
4 0.31875 0.21953125 0.1 0.4390625
0 0.1703125 0.21953125 0.296875 0.4390625
0 0.3171875 0.21953125 0.103125 0.4390625
3 0.628125 0.03828125 0.25 0.0765625
1 0.6296875 0.21953125 0.484375 0.4390625
1 0.2734375 0.71015625 0.146875 0.53125
1 0.10078125 0.7328125 0.125 0.5296875
1 0.02265625 0.74140625 0.0453125 0.5171875
3 0.25390625 0.628125 0.05 0.075
3 0.19375 0.70546875 0.0578125 0.09375
0 0.88828125 0.76953125 0.2234375 0.4609375
2 0.91796875 0.61015625 0.1640625 0.1078125
2 0.846875 0.98125 0.209375 0.0375