0 0.465625 0.23671875 0.20625 0.4046875
2 0.43125 0.09140625 0.0953125 0.1015625
0 0.08046875 0.21953125 0.1609375 0.4390625
4 0.45703125 0.27890625 0.1375 0.275
4 0.0421875 0.13359375 0.084375 0.2390625
3 0.98828125 0.03828125 0.0234375 0.0515625
1 0.71171875 0.1046875 0.1796875 0.2046875
1 0.95234375 0.0859375 0.0953125 0.1625
1 0.0953125 0.78359375 0.190625 0.4328125
1 0.3015625 0.790625 0.259375 0.41875
1 0.45234375 0.75546875 0.2546875 0.4890625
3 0.8796875 0.8 0.115625 0.1484375
3 0.71484375 0.6484375 0.10625 0.175
1 0.903125 0.84453125 0.19375 0.3109375
1 0.715625 0.7765625 0.196875 0.446875