0 0.140625 0.2546875 0.28125 0.509375
0 0.40078125 0.2546875 0.1984375 0.509375
2 0.44921875 0.09375 0.1015625 0.11875
2 0.2125 0.05546875 0.15625 0.1109375
4 0.44765625 0.28046875 0.1046875 0.3453125
1 0.66640625 0.346875 0.1421875 0.325
1 0.6921875 0.0484375 0.15 0.096875
3 0.671875 0.215625 0.0703125 0.059375
3 0.1796875 0.609375 0.059375 0.04375
1 0.03984375 0.7546875 0.0796875 0.490625
1 0.35703125 0.63125 0.1078125 0.24375
1 0.4296875 0.63046875 0.084375 0.2421875
1 0.18359375 0.65546875 0.090625 0.140625
1 0.5578125 0.7546875 0.115625 0.490625
1 0.74296875 0.7546875 0.4515625 0.490625
3 0.84765625 0.590625 0.2171875 0.1625