0 0.0984375 0.42265625 0.134375 0.3921875
0 0.36875 0.40078125 0.0625 0.4359375
0 0.19921875 0.4234375 0.121875 0.3625
0 0.31328125 0.415625 0.1171875 0.40625
2 0.196875 0.278125 0.0515625 0.05625
2 0.2890625 0.24921875 0.0375 0.05625
0 0.0359375 0.38984375 0.071875 0.2734375
4 0.7953125 0.190625 0.28125 0.3265625
1 0.809375 0.309375 0.38125 0.61875
3 0.053125 0.715625 0.10625 0.1375
1 0.08515625 0.809375 0.1703125 0.38125
4 0.55078125 0.878125 0.3015625 0.24375
1 0.559375 0.809375 0.31875 0.38125