0 0.2015625 0.1203125 0.18125 0.240625
0 0.09453125 0.0828125 0.1578125 0.165625
0 0.03125 0.11171875 0.0625 0.2234375
3 0.55546875 0.21328125 0.08125 0.1015625
3 0.86171875 0.0984375 0.1 0.13125
1 0.62734375 0.2234375 0.2296875 0.153125
1 0.90625 0.15625 0.1875 0.2875
4 0.35234375 0.88671875 0.2140625 0.2265625
1 0.32421875 0.79296875 0.2703125 0.4140625
3 0.62578125 0.35 0.0953125 0.1
3 0.7125 0.3171875 0.090625 0.034375
3 0.8734375 0.31328125 0.096875 0.0265625
4 0.97265625 0.4796875 0.0546875 0.35
4 0.909375 0.55 0.18125 0.315625
4 0.7625 0.56171875 0.209375 0.365625
4 0.6875 0.6546875 0.215625 0.4078125
4 0.55078125 0.55625 0.1828125 0.365625
1 0.9609375 0.65 0.078125 0.7
1 0.896875 0.65 0.20625 0.7
1 0.7796875 0.65 0.309375 0.7
1 0.58515625 0.65 0.2515625 0.7
1 0.70859375 0.65 0.2921875 0.7