0 0.1109375 0.21484375 0.221875 0.4296875
0 0.1953125 0.3265625 0.26875 0.20625
2 0.178125 0.04375 0.0734375 0.065625
2 0.253125 0.26484375 0.08125 0.059375
2 0.37734375 0.375 0.1171875 0.109375
2 0.48203125 0.3859375 0.0953125 0.084375
0 0.34921875 0.3734375 0.2453125 0.1125
1 0.903125 0.2609375 0.19375 0.3375
4 0.93359375 0.2921875 0.1328125 0.275
1 0.77734375 0.91328125 0.4453125 0.1734375
1 0.68359375 0.815625 0.1671875 0.36875
1 0.58125 0.8140625 0.103125 0.371875
1 0.60078125 0.840625 0.0921875 0.31875
3 0.559375 0.6703125 0.053125 0.0609375
3 0.61015625 0.7171875 0.05625 0.0640625
3 0.69921875 0.6703125 0.065625 0.0625
3 0.65078125 0.9359375 0.0921875 0.0796875
3 0.7859375 0.915625 0.1390625 0.1578125