0 0.2828125 0.271875 0.084375 0.340625
2 0.284375 0.12109375 0.04375 0.0359375
0 0.4078125 0.2390625 0.103125 0.278125
2 0.41796875 0.1109375 0.034375 0.028125
4 0.27734375 0.24921875 0.0609375 0.178125
4 0.4109375 0.21171875 0.0875 0.13125
4 0.778125 0.31640625 0.26875 0.4046875
1 0.775 0.259375 0.296875 0.51875
0 0.0375 0.828125 0.075 0.34375
2 0.08203125 0.6765625 0.015625 0.0125
2 0.0640625 0.66328125 0.0203125 0.0140625
0 0.0640625 0.7453125 0.04375 0.178125
0 0.0875 0.7453125 0.0265625 0.146875
1 0.7375 0.60625 0.096875 0.175
1 0.5515625 0.58515625 0.115625 0.1328125