0 0.51953125 0.18671875 0.1390625 0.3734375
0 0.425 0.1859375 0.1875 0.371875
2 0.70078125 0.0234375 0.0546875 0.046875
0 0.6875 0.09609375 0.115625 0.1921875
0 0.61484375 0.0875 0.0515625 0.175
1 0.09609375 0.74921875 0.1921875 0.5015625
1 0.240625 0.8640625 0.215625 0.271875
3 0.075 0.60546875 0.1359375 0.1796875
3 0.28046875 0.79140625 0.0875 0.1015625
2 0.65 0.86953125 0.0421875 0.0515625
2 0.715625 0.89453125 0.0359375 0.046875
2 0.8171875 0.87890625 0.08125 0.0546875
2 0.8859375 0.91171875 0.059375 0.0453125
2 0.925 0.88046875 0.05 0.0453125
2 0.8703125 0.8734375 0.0234375 0.03125
0 0.628125 0.91953125 0.078125 0.1609375
0 0.70703125 0.940625 0.0453125 0.11875
0 0.95625 0.9359375 0.065625 0.128125
0 0.74921875 0.92265625 0.0671875 0.1546875
0 0.77734375 0.9140625 0.0609375 0.171875
0 0.8328125 0.92421875 0.09375 0.1515625
0 0.91328125 0.92578125 0.0671875 0.1484375
0 0.875 0.9390625 0.05 0.121875