0 0.53125 0.175 0.15625 0.35
0 0.4015625 0.175 0.171875 0.35
0 0.2515625 0.175 0.2125 0.35
0 0.08515625 0.175 0.1703125 0.35
0 0.92109375 0.240625 0.1578125 0.21875
0 0.71484375 0.27109375 0.2109375 0.1578125
0 0.76875 0.2640625 0.225 0.171875
2 0.67421875 0.26015625 0.128125 0.1328125
2 0.790625 0.26640625 0.0671875 0.0515625
2 0.95859375 0.17890625 0.0828125 0.0890625
2 0.7296875 0.2234375 0.078125 0.0640625
0 0.590625 0.57421875 0.0375 0.3203125
0 0.37265625 0.56796875 0.103125 0.2703125
2 0.60390625 0.43671875 0.0109375 0.0390625
2 0.3625 0.46640625 0.0484375 0.059375
2 0.95859375 0.51640625 0.0828125 0.084375
0 0.74140625 0.69375 0.2640625 0.6125
0 0.92421875 0.73359375 0.1515625 0.5328125