2 0.40546875 0.02109375 0.0828125 0.0421875
2 0.20859375 0.0359375 0.1796875 0.071875
2 0.06796875 0.040625 0.0984375 0.08125
0 0.43359375 0.18984375 0.1828125 0.3796875
0 0.25625 0.18984375 0.275 0.3796875
1 0.4359375 0.64296875 0.1921875 0.2984375
1 0.25234375 0.83203125 0.1828125 0.3359375
1 0.39375 0.840625 0.209375 0.31875
1 0.49453125 0.8609375 0.0890625 0.246875
3 0.39140625 0.9375 0.0828125 0.125
3 0.24453125 0.82265625 0.090625 0.1296875
3 0.51796875 0.84921875 0.0421875 0.1046875
3 0.47578125 0.55859375 0.0921875 0.125
1 0.9265625 0.68984375 0.146875 0.6203125
1 0.95 0.68984375 0.1 0.6203125