2 0.2421875 0.0890625 0.371875 0.178125
0 0.3671875 0.32890625 0.14375 0.3796875
0 0.21640625 0.259375 0.4328125 0.51875
1 0.8609375 0.259375 0.278125 0.51875
3 0.29375 0.68515625 0.0359375 0.0328125
3 0.3328125 0.72734375 0.0296875 0.0328125
3 0.3296875 0.81015625 0.059375 0.0609375
3 0.24453125 0.77890625 0.0390625 0.0453125
3 0.20234375 0.81875 0.0421875 0.0578125
3 0.034375 0.93359375 0.06875 0.0828125
3 0.109375 0.909375 0.0546875 0.065625
3 0.1515625 0.903125 0.05625 0.05625
3 0.26640625 0.94765625 0.05625 0.0625
3 0.296875 0.91640625 0.034375 0.05625
1 0.40546875 0.6765625 0.0671875 0.23125
1 0.2765625 0.73984375 0.075 0.146875
0 0.97421875 0.77890625 0.0515625 0.2890625
0 0.53046875 0.9265625 0.1828125 0.146875
2 0.58828125 0.890625 0.075 0.0515625