2 0.20546875 0.309375 0.09375 0.06875
2 0.4171875 0.340625 0.0640625 0.05
2 0.5 0.35 0.078125 0.0640625
2 0.59765625 0.34296875 0.053125 0.0453125
2 0.73359375 0.36328125 0.0703125 0.0546875
2 0.153125 0.32734375 0.0453125 0.0625
0 0.21796875 0.6375 0.2140625 0.7171875
0 0.52890625 0.6546875 0.23125 0.665625
0 0.40078125 0.5 0.103125 0.36875
0 0.59609375 0.48046875 0.1140625 0.3265625
0 0.759375 0.60703125 0.19375 0.578125
4 0.21953125 0.57890625 0.1765625 0.328125
4 0.49921875 0.56171875 0.13125 0.28125
4 0.40625 0.51484375 0.0671875 0.2046875
4 0.72578125 0.55 0.1015625 0.23125
4 0.60390625 0.48671875 0.0734375 0.165625