0 0.13984375 0.259375 0.2796875 0.51875
2 0.1953125 0.03671875 0.18125 0.0734375
0 0.81171875 0.28046875 0.1421875 0.4765625
0 0.59375 0.2015625 0.05 0.26875
0 0.91796875 0.25625 0.128125 0.3640625
0 0.984375 0.275 0.03125 0.421875
2 0.93828125 0.11328125 0.053125 0.0578125
0 0.7484375 0.19609375 0.10625 0.275
3 0.25546875 0.64296875 0.09375 0.0765625
3 0.0859375 0.7109375 0.096875 0.08125
3 0.3109375 0.85234375 0.084375 0.0875
1 0.08203125 0.83203125 0.1640625 0.3359375
1 0.25859375 0.89921875 0.2609375 0.2015625
1 0.21953125 0.7984375 0.2171875 0.403125
0 0.61796875 0.759375 0.0984375 0.48125
0 0.69296875 0.72734375 0.1921875 0.4171875
0 0.79140625 0.5671875 0.1640625 0.096875
0 0.91015625 0.55546875 0.1078125 0.0734375