2 0.03671875 0.24921875 0.0734375 0.0671875
2 0.1296875 0.23828125 0.0546875 0.0484375
2 0.26640625 0.2515625 0.0734375 0.0578125
0 0.1046875 0.43671875 0.209375 0.4453125
0 0.1359375 0.37578125 0.13125 0.3328125
0 0.30546875 0.42890625 0.2234375 0.4609375
4 0.0578125 0.4609375 0.115625 0.2875
4 0.26875 0.43828125 0.1140625 0.2359375
4 0.14375 0.38125 0.08125 0.16875
1 0.54765625 0.50078125 0.0765625 0.3171875
1 0.61015625 0.5015625 0.1234375 0.315625
1 0.675 0.51015625 0.115625 0.2984375
1 0.71328125 0.5171875 0.0984375 0.284375
1 0.7609375 0.5015625 0.059375 0.2734375
1 0.82109375 0.5109375 0.0640625 0.296875
1 0.89140625 0.503125 0.0890625 0.3125
1 0.96015625 0.496875 0.0796875 0.325
4 0.20078125 0.8296875 0.4015625 0.340625
1 0.23046875 0.8296875 0.4609375 0.340625
1 0.5609375 0.85234375 0.103125 0.2953125
1 0.76796875 0.79765625 0.2109375 0.2765625
1 0.9578125 0.7703125 0.084375 0.221875