2 0.0671875 0.090625 0.115625 0.096875
0 0.28671875 0.23984375 0.3046875 0.4796875
0 0.14921875 0.2546875 0.2984375 0.45
0 0.94921875 0.23984375 0.1015625 0.4796875
0 0.83203125 0.18671875 0.1109375 0.3515625
2 0.82421875 0.0359375 0.05625 0.0453125
2 0.96171875 0.025 0.0765625 0.05
0 0.25703125 0.92734375 0.1515625 0.1453125
0 0.046875 0.87265625 0.09375 0.2546875
2 0.02421875 0.790625 0.0484375 0.0875
2 0.25 0.8765625 0.0625 0.05
2 0.42421875 0.77734375 0.0296875 0.0453125
3 0.45078125 0.55703125 0.0234375 0.0640625
3 0.46171875 0.58046875 0.0453125 0.0515625
3 0.54140625 0.534375 0.065625 0.0546875
3 0.640625 0.5671875 0.053125 0.040625
3 0.7453125 0.5640625 0.0703125 0.0453125
3 0.9609375 0.55078125 0.0703125 0.0671875
1 0.5 0.7515625 0.121875 0.496875
1 0.5734375 0.73984375 0.178125 0.5203125
1 0.66484375 0.7640625 0.153125 0.4640625
1 0.76640625 0.75703125 0.1640625 0.4578125
1 0.9515625 0.7546875 0.096875 0.490625