0 0.23359375 0.234375 0.1921875 0.46875
0 0.0890625 0.25546875 0.178125 0.4265625
1 0.90234375 0.234375 0.1953125 0.46875
1 0.821875 0.20234375 0.140625 0.4046875
1 0.43828125 0.2296875 0.2171875 0.459375
3 0.02578125 0.5859375 0.0515625 0.06875
1 0.23671875 0.7875 0.1859375 0.384375
1 0.0671875 0.6625 0.134375 0.21875
3 0.8546875 0.6578125 0.1234375 0.1125
3 0.78515625 0.7 0.0765625 0.0765625
3 0.6484375 0.63515625 0.1109375 0.0890625
3 0.70546875 0.67109375 0.0671875 0.0671875
4 0.98671875 0.8640625 0.0265625 0.190625
1 0.840625 0.7921875 0.275 0.415625
1 0.63359375 0.790625 0.2109375 0.41875