2 0.55234375 0.44921875 0.0328125 0.0515625
2 0.4625 0.43828125 0.053125 0.05625
2 0.39296875 0.425 0.0703125 0.0625
2 0.31484375 0.3875 0.059375 0.0546875
2 0.159375 0.39140625 0.0828125 0.071875
0 0.42109375 0.48125 0.1734375 0.15625
0 0.35546875 0.475 0.1921875 0.16875
0 0.28046875 0.4578125 0.1703125 0.203125
0 0.12109375 0.45703125 0.2046875 0.2046875
0 0.6640625 0.2796875 0.190625 0.559375
4 0.6328125 0.36484375 0.128125 0.3359375
0 0.4203125 0.63359375 0.15625 0.1484375
1 0.68203125 0.784375 0.2265625 0.43125
1 0.79921875 0.9140625 0.2640625 0.171875
3 0.671875 0.69609375 0.15 0.1890625
3 0.86015625 0.89921875 0.0953125 0.1078125