2 0.10703125 0.1640625 0.1046875 0.084375
2 0.31015625 0.23203125 0.071875 0.0609375
2 0.38984375 0.25546875 0.0875 0.0765625
2 0.4875 0.265625 0.0609375 0.053125
2 0.59375 0.309375 0.03125 0.065625
2 0.05234375 0.17265625 0.0546875 0.06875
0 0.11484375 0.378125 0.2296875 0.521875
0 0.365625 0.42578125 0.34375 0.4265625
0 0.26640625 0.3859375 0.165625 0.38125
0 0.46171875 0.40078125 0.16875 0.3421875
0 0.53203125 0.4453125 0.1546875 0.3875
4 0.09453125 0.43125 0.1890625 0.353125
4 0.35234375 0.4640625 0.178125 0.3
4 0.26953125 0.4015625 0.103125 0.2140625
4 0.5578125 0.49140625 0.103125 0.2453125
4 0.46875 0.4078125 0.1015625 0.1765625
3 0.746875 0.19140625 0.1015625 0.1109375
3 0.8828125 0.08828125 0.1453125 0.15625
3 0.9375 0.2203125 0.1046875 0.1015625
3 0.82265625 0.19921875 0.0875 0.1078125
1 0.70390625 0.384375 0.1890625 0.509375
1 0.8203125 0.32265625 0.3 0.6328125
1 0.88828125 0.40625 0.2109375 0.465625
1 0.94921875 0.378125 0.1015625 0.521875
1 0.7890625 0.35546875 0.1375 0.41875
1 0.74609375 0.81953125 0.2734375 0.3609375
1 0.88984375 0.81953125 0.2203125 0.3609375