2 0.10234375 0.1109375 0.059375 0.0546875
2 0.20859375 0.15078125 0.059375 0.05
0 0.1875 0.2796875 0.128125 0.3
0 0.084375 0.253125 0.1375 0.353125
3 0.6 0.321875 0.040625 0.046875
1 0.63203125 0.35625 0.1046875 0.146875
1 0.0984375 0.63984375 0.196875 0.4203125
0 0.86953125 0.8296875 0.2359375 0.340625
0 0.7109375 0.634375 0.2625 0.384375
0 0.90625 0.4828125 0.1875 0.10625
2 0.96015625 0.44765625 0.0796875 0.0359375
2 0.8921875 0.70234375 0.0828125 0.0640625
2 0.76640625 0.61640625 0.1 0.078125