0 0.05390625 0.54609375 0.1078125 0.3671875
0 0.128125 0.56328125 0.084375 0.3328125
0 0.33203125 0.55 0.0546875 0.359375
1 0.9546875 0.6671875 0.090625 0.125
1 0.784375 0.5578125 0.05 0.3
1 0.6625 0.5890625 0.103125 0.2375
1 0.9109375 0.53203125 0.0640625 0.23125
3 0.97578125 0.6328125 0.0484375 0.053125
3 0.63359375 0.50703125 0.0328125 0.0609375
4 0.18515625 0.7921875 0.2109375 0.125
0 0.19140625 0.796875 0.1921875 0.134375
0 0.03984375 0.8640625 0.0796875 0.26875
1 0.76953125 0.91953125 0.3453125 0.1609375
3 0.77734375 0.9265625 0.1578125 0.146875