0 0.134375 0.3296875 0.26875 0.659375
0 0.06015625 0.3296875 0.1203125 0.659375
3 0.915625 0.01796875 0.078125 0.0359375
1 0.534375 0.328125 0.190625 0.65625
1 0.71328125 0.28828125 0.4265625 0.5765625
1 0.7890625 0.1828125 0.2125 0.365625
1 0.903125 0.12421875 0.178125 0.2484375
1 0.9421875 0.3296875 0.115625 0.659375
0 0.065625 0.80234375 0.13125 0.2859375
0 0.33046875 0.8296875 0.2171875 0.340625
0 0.20625 0.8296875 0.225 0.340625
0 0.1390625 0.7828125 0.15 0.246875
3 0.63125 0.69296875 0.103125 0.0671875
3 0.515625 0.86015625 0.153125 0.1265625
3 0.784375 0.92734375 0.153125 0.1453125
1 0.73828125 0.9234375 0.3203125 0.153125
1 0.59140625 0.89609375 0.3046875 0.2078125
1 0.6234375 0.8015625 0.284375 0.284375
1 0.70546875 0.70703125 0.1796875 0.0953125
1 0.94375 0.71640625 0.1125 0.1140625
1 0.92421875 0.81328125 0.1515625 0.3078125
3 0.94921875 0.70390625 0.0875 0.0734375