0 0.62421875 0.1046875 0.1296875 0.209375
3 0.190625 0.3578125 0.121875 0.15625
3 0.028125 0.775 0.05625 0.203125
3 0.3609375 0.46953125 0.1328125 0.175
4 0.48359375 0.628125 0.1515625 0.378125
4 0.33671875 0.54140625 0.25 0.3234375
4 0.18828125 0.278125 0.2171875 0.1375
4 0.18828125 0.51484375 0.2390625 0.3140625
4 0.12734375 0.9375 0.2140625 0.125
4 0.04375 0.8796875 0.0875 0.171875
1 0.08515625 0.36328125 0.1703125 0.2890625
1 0.22109375 0.75703125 0.4421875 0.4859375
1 0.478125 0.6578125 0.1625 0.475
1 0.3296875 0.65234375 0.296875 0.5796875
1 0.18828125 0.4859375 0.246875 0.425
1 0.15625 0.27421875 0.3125 0.1296875
1 0.93359375 0.6046875 0.1328125 0.790625