0 0.196875 0.5578125 0.21875 0.884375
0 0.2890625 0.5734375 0.1359375 0.671875
0 0.39296875 0.5375 0.1484375 0.621875
0 0.565625 0.73984375 0.196875 0.4515625
0 0.77109375 0.72109375 0.45625 0.5578125
0 0.6203125 0.49453125 0.115625 0.5
0 0.48828125 0.53984375 0.1109375 0.571875
0 0.53359375 0.46640625 0.0578125 0.33125
2 0.21875 0.175 0.09375 0.1140625
2 0.28125 0.26796875 0.0828125 0.0609375
2 0.38125 0.2703125 0.0625 0.0515625
2 0.4734375 0.2921875 0.0484375 0.05625
2 0.52890625 0.33359375 0.05 0.059375
2 0.6125 0.27734375 0.059375 0.05625
2 0.5921875 0.546875 0.0859375 0.0703125
2 0.72421875 0.5125 0.125 0.1453125