2 0.29375 0.103125 0.03125 0.05
2 0.0890625 0.56484375 0.05625 0.0484375
0 0.284375 0.2515625 0.05 0.35
0 0.22578125 0.2546875 0.115625 0.3234375
1 0.8140625 0.36015625 0.1171875 0.259375
1 0.55078125 0.39296875 0.1140625 0.2859375
1 0.4859375 0.38515625 0.0984375 0.2078125
3 0.5390625 0.265625 0.0296875 0.025
3 0.803125 0.246875 0.034375 0.0265625
0 0.1546875 0.79453125 0.309375 0.4109375
4 0.25234375 0.79140625 0.1140625 0.4046875
4 0.5921875 0.925 0.31875 0.15
1 0.571875 0.80703125 0.44375 0.3859375