0 0.1015625 0.14609375 0.109375 0.2921875
0 0.0265625 0.1859375 0.053125 0.371875
0 0.58671875 0.23984375 0.1296875 0.4796875
0 0.71328125 0.23984375 0.1671875 0.4796875
0 0.8203125 0.2125 0.0921875 0.425
0 0.9 0.2265625 0.1375 0.453125
0 0.95390625 0.23984375 0.0921875 0.4796875
2 0.584375 0.0203125 0.059375 0.040625
2 0.72109375 0.02265625 0.0671875 0.0453125
2 0.828125 0.02578125 0.0375 0.05
2 0.91171875 0.025 0.0515625 0.05
2 0.98828125 0.01875 0.0234375 0.0375
1 0.09609375 0.77421875 0.1921875 0.4515625
3 0.0375 0.621875 0.075 0.11875
1 0.8890625 0.73984375 0.221875 0.5203125
1 0.5453125 0.72421875 0.053125 0.3953125