0 0.1203125 0.23671875 0.1921875 0.2984375
0 0.0859375 0.41171875 0.171875 0.2765625
0 0.20234375 0.4421875 0.1515625 0.215625
2 0.06484375 0.5078125 0.0828125 0.084375
2 0.2140625 0.44609375 0.0796875 0.1046875
2 0.16328125 0.153125 0.0921875 0.125
1 0.94296875 0.3453125 0.1140625 0.409375
1 0.8828125 0.3859375 0.103125 0.328125
1 0.75078125 0.35859375 0.2234375 0.3828125
4 0.4 0.62734375 0.1 0.1546875
1 0.34765625 0.775 0.2046875 0.45
3 0.60546875 0.73046875 0.2140625 0.140625
1 0.6609375 0.8328125 0.421875 0.334375
3 0.984375 0.85078125 0.03125 0.0484375