2 0.4 0.06171875 0.0375 0.1234375
2 0.27578125 0.13671875 0.1171875 0.1265625
2 0.153125 0.134375 0.0484375 0.0921875
2 0.0078125 0.07265625 0.015625 0.0453125
0 0.02734375 0.24765625 0.0546875 0.3953125
0 0.115625 0.3015625 0.128125 0.44375
0 0.309375 0.3296875 0.21875 0.659375
0 0.2859375 0.3640625 0.265625 0.590625
0 0.80390625 0.31796875 0.2609375 0.6359375
0 0.6078125 0.3296875 0.203125 0.659375
2 0.81953125 0.0234375 0.1015625 0.046875
2 0.6109375 0.1546875 0.046875 0.096875
3 0.25078125 0.87890625 0.1140625 0.1015625
3 0.0609375 0.925 0.11875 0.1078125
1 0.26640625 0.91171875 0.1953125 0.1765625