2 0.578125 0.340625 0.08125 0.0875
0 0.5484375 0.46796875 0.140625 0.3421875
0 0.2984375 0.47265625 0.2 0.3328125
0 0.18515625 0.47265625 0.1796875 0.3328125
2 0.65078125 0.2171875 0.0234375 0.028125
2 0.74375 0.20703125 0.0421875 0.0515625
2 0.809375 0.23203125 0.0359375 0.046875
2 0.9109375 0.21640625 0.08125 0.0546875
2 0.975 0.24921875 0.05 0.0453125
2 0.9640625 0.2109375 0.0234375 0.03125
0 0.64375 0.29609375 0.046875 0.1796875
0 0.71171875 0.33515625 0.0984375 0.315625
0 0.80078125 0.35234375 0.0453125 0.265625
0 0.84375 0.3390625 0.0671875 0.3109375
0 0.87109375 0.3296875 0.0609375 0.3265625
0 0.92734375 0.3421875 0.09375 0.3125
0 0.98671875 0.34765625 0.0265625 0.3171875
0 0.96875 0.35859375 0.05 0.284375
4 0.3765625 0.82109375 0.209375 0.309375
2 0.32109375 0.6734375 0.0953125 0.06875
0 0.36171875 0.81953125 0.4328125 0.3609375
1 0.82890625 0.88359375 0.2296875 0.2328125
1 0.73984375 0.8921875 0.1515625 0.215625
3 0.75234375 0.82734375 0.0640625 0.0796875
3 0.865625 0.8125 0.0734375 0.08125