0 0.0515625 0.2046875 0.103125 0.409375
0 0.06484375 0.196875 0.1296875 0.39375
0 0.11953125 0.17734375 0.2390625 0.3546875
0 0.23828125 0.2171875 0.2796875 0.384375
0 0.28359375 0.2046875 0.2328125 0.409375
0 0.3171875 0.14609375 0.165625 0.2921875
0 0.2015625 0.1734375 0.21875 0.346875
0 0.25859375 0.0796875 0.1203125 0.159375
2 0.3015625 0.08203125 0.096875 0.084375
2 0.38125 0.078125 0.0375 0.15625
3 0.56328125 0.03125 0.0828125 0.0625
3 0.8921875 0.03984375 0.103125 0.0796875
1 0.4765625 0.2046875 0.153125 0.409375
1 0.5765625 0.203125 0.2375 0.40625
1 0.86875 0.2046875 0.2625 0.409375
1 0.25 0.7046875 0.3 0.590625
0 0.53984375 0.7046875 0.2796875 0.590625
0 0.4140625 0.62578125 0.028125 0.2328125
2 0.546875 0.446875 0.1125 0.075