0 0.60703125 0.16875 0.1046875 0.290625
2 0.6015625 0.04296875 0.0390625 0.0328125
4 0.6140625 0.11640625 0.0796875 0.1203125
1 0.81171875 0.290625 0.0796875 0.096875
1 0.78671875 0.2828125 0.0609375 0.1125
3 0.7765625 0.2453125 0.0234375 0.0234375
0 0.47109375 0.66953125 0.3765625 0.6609375
0 0.63359375 0.65625 0.0515625 0.634375
0 0.434375 0.66953125 0.26875 0.6609375
0 0.36640625 0.478125 0.1296875 0.278125
0 0.34375 0.64375 0.203125 0.6046875
2 0.23984375 0.378125 0.0171875 0.0140625
2 0.25546875 0.3625 0.021875 0.0171875
0 0.26796875 0.44375 0.0703125 0.1828125
0 0.24453125 0.446875 0.0484375 0.15
3 0.95625 0.55703125 0.0875 0.1546875
3 0.840625 0.575 0.1609375 0.1375
3 0.81796875 0.69453125 0.1859375 0.13125
4 0.7859375 0.84609375 0.253125 0.3078125
1 0.95234375 0.62578125 0.0953125 0.4734375
1 0.82734375 0.81015625 0.3359375 0.3796875