0 0.3 0.21953125 0.6 0.4390625
3 0.971875 0.02734375 0.05625 0.0546875
3 0.6265625 0.16171875 0.053125 0.0734375
3 0.78125 0.38046875 0.140625 0.1171875
1 0.74609375 0.38046875 0.2828125 0.1171875
1 0.66796875 0.26640625 0.1359375 0.2890625
1 0.67109375 0.1109375 0.1421875 0.221875
1 0.93359375 0.1078125 0.1328125 0.215625
1 0.921875 0.259375 0.15625 0.303125
3 0.92265625 0.15234375 0.0828125 0.0671875
1 0.35546875 0.71953125 0.3296875 0.5609375
3 0.29375 0.49609375 0.109375 0.1140625
1 0.86171875 0.88671875 0.2765625 0.2265625
1 0.8 0.6546875 0.4 0.43125
3 0.825 0.84609375 0.125 0.153125
3 0.9078125 0.47734375 0.184375 0.0765625