0 0.10078125 0.39765625 0.0953125 0.3140625
2 0.0984375 0.25859375 0.0375 0.0359375
1 0.68515625 0.296875 0.0765625 0.1625
1 0.3265625 0.3375 0.034375 0.275
1 0.32578125 0.29921875 0.0328125 0.1984375
1 0.3234375 0.27734375 0.028125 0.1390625
1 0.73984375 0.303125 0.0984375 0.1875
1 0.78515625 0.3453125 0.1015625 0.2078125
1 0.83203125 0.3953125 0.175 0.2671875
1 0.925 0.49453125 0.15 0.4140625
0 0.10625 0.90234375 0.2125 0.1953125
0 0.18125 0.896875 0.184375 0.20625
2 0.10234375 0.865625 0.1203125 0.125
2 0.21796875 0.8796875 0.0640625 0.046875
2 0.16015625 0.8328125 0.0734375 0.059375
0 0.96171875 0.86484375 0.0765625 0.2703125
0 0.825 0.86484375 0.09375 0.2703125
0 0.7203125 0.86484375 0.078125 0.2703125
0 0.65703125 0.82734375 0.0515625 0.1953125
0 0.58125 0.86484375 0.10625 0.2703125
0 0.384375 0.86484375 0.15 0.2703125