0 0.29453125 0.209375 0.1109375 0.31875
3 0.665625 0.15 0.10625 0.0890625
1 0.8671875 0.28203125 0.178125 0.1734375
1 0.66015625 0.23671875 0.2359375 0.2640625
1 0.4125 0.23984375 0.125 0.2578125
0 0.228125 0.684375 0.24375 0.63125
2 0.32265625 0.46484375 0.0546875 0.1828125
3 0.97421875 0.41640625 0.0515625 0.0953125
3 0.86640625 0.41484375 0.0890625 0.0921875
3 0.67734375 0.4796875 0.1625 0.203125
3 0.48984375 0.4375 0.140625 0.1203125
1 0.93984375 0.684375 0.1203125 0.63125
1 0.82890625 0.684375 0.2015625 0.63125
1 0.5625 0.684375 0.425 0.63125