2 0.6515625 0.03671875 0.128125 0.0734375
2 0.5296875 0.03046875 0.05625 0.0609375
2 0.28046875 0.0140625 0.0484375 0.028125
0 0.28046875 0.1703125 0.1359375 0.340625
0 0.3875 0.17109375 0.14375 0.3421875
0 0.05546875 0.225 0.1109375 0.45
0 0.50625 0.2046875 0.165625 0.409375
0 0.67109375 0.225 0.2171875 0.45
0 0.6515625 0.225 0.25625 0.45
0 0.88984375 0.23515625 0.2203125 0.4296875
0 0.9640625 0.3046875 0.071875 0.290625
2 0.8234375 0.075 0.0875 0.1
0 0.55 0.54375 0.196875 0.1875
0 0.39609375 0.6015625 0.1640625 0.303125
0 0.88984375 0.725 0.2203125 0.55