2 0.25078125 0.48359375 0.096875 0.0796875
2 0.378125 0.4484375 0.053125 0.04375
2 0.48203125 0.45390625 0.0453125 0.05
2 0.553125 0.4515625 0.0625 0.053125
2 0.6359375 0.4265625 0.0515625 0.046875
2 0.7890625 0.4546875 0.0734375 0.0609375
2 0.34453125 0.4484375 0.05625 0.046875
0 0.25234375 0.71875 0.1125 0.5625
0 0.38359375 0.70078125 0.115625 0.521875
0 0.4921875 0.64765625 0.10625 0.4375
0 0.55390625 0.68515625 0.1125 0.5171875
0 0.6390625 0.62578125 0.1015625 0.4421875
0 0.78671875 0.71328125 0.115625 0.5734375