0 0.43671875 0.44453125 0.1859375 0.2296875
2 0.29375 0.37421875 0.040625 0.0375
2 0.5703125 0.1234375 0.08125 0.240625
0 0.659375 0.28046875 0.259375 0.5578125
0 0.41484375 0.89453125 0.2296875 0.2109375
2 0.396875 0.88828125 0.1703125 0.2046875
0 0.60390625 0.79921875 0.1484375 0.4015625
0 0.73203125 0.80859375 0.1671875 0.3828125
0 0.884375 0.8125 0.18125 0.375
0 0.96953125 0.821875 0.0609375 0.35625
2 0.9875 0.6890625 0.025 0.071875
2 0.88671875 0.65625 0.0859375 0.0765625
2 0.74140625 0.66171875 0.0890625 0.0859375
2 0.59921875 0.640625 0.0984375 0.078125