0 0.2625 0.23984375 0.234375 0.4796875
0 0.0984375 0.15703125 0.196875 0.3140625
0 0.05859375 0.3203125 0.1171875 0.31875
2 0.084375 0.0171875 0.109375 0.034375
4 0.62578125 0.23984375 0.2890625 0.4796875
1 0.64296875 0.23984375 0.3984375 0.4796875
3 0.35703125 0.67265625 0.0453125 0.1109375
1 0.31875 0.78828125 0.121875 0.4234375
1 0.66640625 0.89140625 0.4546875 0.2171875
1 0.578125 0.77421875 0.21875 0.4515625
3 0.71640625 0.8671875 0.1203125 0.1203125
3 0.60078125 0.5890625 0.0765625 0.0640625
4 0.68515625 0.959375 0.2828125 0.08125
4 0.59375 0.72265625 0.1390625 0.19375