0 0.25234375 0.18671875 0.1421875 0.1046875
0 0.3640625 0.11953125 0.159375 0.2390625
0 0.1125 0.16875 0.13125 0.140625
2 0.121875 0.1453125 0.0609375 0.071875
2 0.3578125 0.015625 0.046875 0.03125
2 0.59921875 0.21953125 0.1203125 0.0390625
2 0.828125 0.20859375 0.1875 0.0609375
0 0.84453125 0.18828125 0.3109375 0.1015625
3 0.17578125 0.28203125 0.0890625 0.0859375
3 0.38046875 0.2984375 0.0734375 0.0953125
1 0.2296875 0.52421875 0.2625 0.5703125
1 0.41328125 0.46796875 0.1890625 0.4328125
3 0.72109375 0.4109375 0.0796875 0.05625
3 0.83359375 0.44140625 0.0609375 0.0484375
3 0.909375 0.4609375 0.0484375 0.053125
1 0.72890625 0.665625 0.209375 0.5953125
1 0.81953125 0.64140625 0.11875 0.478125
1 0.9015625 0.65078125 0.103125 0.4578125