0 0.34921875 0.07421875 0.2765625 0.1484375
1 0.82109375 0.08828125 0.1671875 0.1765625
4 0.80859375 0.03125 0.0890625 0.0625
1 0.66796875 0.16484375 0.1984375 0.3296875
3 0.4515625 0.38203125 0.040625 0.0390625
3 0.29453125 0.33515625 0.0421875 0.0109375
3 0.2015625 0.3359375 0.03125 0.0125
4 0.22890625 0.3765625 0.109375 0.0765625
4 0.31640625 0.384375 0.0921875 0.0859375
4 0.509375 0.4140625 0.09375 0.0796875
1 0.221875 0.409375 0.115625 0.159375
1 0.309375 0.4109375 0.10625 0.1625
1 0.49140625 0.4265625 0.153125 0.1328125
4 0.01796875 0.965625 0.0359375 0.06875
1 0.0359375 0.9453125 0.071875 0.109375
1 0.01953125 0.9078125 0.0390625 0.184375
3 0.76171875 0.525 0.04375 0.053125
4 0.9234375 0.54453125 0.153125 0.2359375
4 0.6859375 0.5609375 0.071875 0.078125
1 0.9078125 0.684375 0.184375 0.5375
1 0.69609375 0.6171875 0.209375 0.278125