0 0.440625 0.12109375 0.128125 0.2421875
0 0.05625 0.246875 0.1125 0.49375
4 0.93359375 0.0890625 0.1328125 0.178125
4 0.83671875 0.115625 0.1921875 0.23125
4 0.684375 0.13359375 0.209375 0.2671875
4 0.628125 0.190625 0.178125 0.38125
1 0.921875 0.259375 0.15625 0.51875
1 0.85703125 0.259375 0.2828125 0.51875
1 0.7015625 0.259375 0.309375 0.51875
1 0.5859375 0.259375 0.09375 0.51875
1 0.6578125 0.259375 0.2375 0.51875
0 0.1671875 0.796875 0.334375 0.40625
2 0.18828125 0.88828125 0.115625 0.2203125
3 0.66875 0.5875 0.259375 0.1375
1 0.76953125 0.759375 0.4609375 0.48125