0 0.0796875 0.41015625 0.121875 0.2796875
0 0.18203125 0.4234375 0.0953125 0.253125
0 0.25234375 0.42734375 0.0765625 0.2453125
0 0.40625 0.41875 0.109375 0.2625
0 0.3421875 0.4109375 0.0625 0.278125
2 0.628125 0.115625 0.040625 0.0453125
2 0.92421875 0.528125 0.0515625 0.04375
0 0.63671875 0.26484375 0.084375 0.3453125
0 0.73125 0.24921875 0.078125 0.31875
1 0.32734375 0.7328125 0.2140625 0.365625
1 0.13046875 0.7296875 0.2171875 0.359375
1 0.46171875 0.64375 0.0953125 0.1875
0 0.8015625 0.77734375 0.296875 0.4453125
2 0.98984375 0.7859375 0.0203125 0.1375
2 0.896875 0.6609375 0.0875 0.1625