2 0.57265625 0.04140625 0.1140625 0.0828125
0 0.1890625 0.2 0.378125 0.4
0 0.35390625 0.2 0.3578125 0.4
1 0.765625 0.35 0.271875 0.1
3 0.71953125 0.35 0.1546875 0.1
2 0.55234375 0.63984375 0.0515625 0.0609375
2 0.446875 0.5328125 0.0578125 0.0453125
2 0.3328125 0.49453125 0.059375 0.0578125
2 0.2484375 0.45625 0.04375 0.0296875
2 0.14375 0.428125 0.065625 0.05625
0 0.12109375 0.5875 0.1671875 0.375
0 0.22578125 0.5984375 0.1515625 0.3390625
0 0.325 0.6375 0.15625 0.3328125
0 0.43359375 0.67734375 0.1546875 0.3546875
0 0.55703125 0.77109375 0.1453125 0.3328125
3 0.75703125 0.7 0.2546875 0.6
3 0.8265625 0.803125 0.271875 0.39375