2 0.01875 0.34609375 0.0375 0.0546875
2 0.06875 0.31484375 0.0578125 0.0515625
2 0.17265625 0.29609375 0.0578125 0.0546875
2 0.33828125 0.2875 0.05625 0.0546875
0 0.38046875 0.39453125 0.1859375 0.2890625
0 0.21875 0.40234375 0.184375 0.2734375
0 0.06875 0.42734375 0.1375 0.2234375
0 0.12421875 0.41171875 0.1578125 0.2546875
4 0.6515625 0.30703125 0.225 0.3234375
2 0.68671875 0.12265625 0.1046875 0.1421875
0 0.72890625 0.26953125 0.3796875 0.5390625
0 0.26953125 0.76953125 0.5390625 0.4609375
4 0.325 0.8359375 0.428125 0.328125
0 0.73359375 0.79921875 0.3421875 0.4015625
2 0.62421875 0.69375 0.0984375 0.121875
4 0.70703125 0.796875 0.1890625 0.25