2 0.2484375 0.284375 0.140625 0.096875
0 0.246875 0.42890625 0.14375 0.4015625
3 0.4453125 0.2140625 0.03125 0.028125
3 0.4 0.25 0.025 0.028125
3 0.390625 0.3328125 0.053125 0.0546875
3 0.47890625 0.31484375 0.0328125 0.040625
3 0.5140625 0.3609375 0.034375 0.053125
3 0.79453125 0.20859375 0.0203125 0.015625
3 0.9828125 0.60234375 0.034375 0.0546875
3 0.6640625 0.50234375 0.0625 0.075
3 0.5921875 0.46484375 0.046875 0.0609375
3 0.55078125 0.45234375 0.05 0.05
3 0.609375 0.59921875 0.05625 0.0609375
3 0.5078125 0.59609375 0.053125 0.0671875
3 0.4578125 0.60625 0.0625 0.046875
3 0.4421875 0.56015625 0.0484375 0.0453125
3 0.43125 0.478125 0.0484375 0.05625
3 0.40546875 0.4421875 0.0265625 0.053125
1 0.33515625 0.1828125 0.0328125 0.21875
1 0.453125 0.27109375 0.0546875 0.1421875
1 0.6390625 0.5984375 0.13125 0.0625
1 0.52109375 0.59296875 0.1015625 0.0734375
0 0.07578125 0.81484375 0.1515625 0.3703125
0 0.22890625 0.90390625 0.1484375 0.1921875
2 0.240625 0.8640625 0.078125 0.11875
1 0.365625 0.75 0.09375 0.240625
1 0.52109375 0.81484375 0.1484375 0.3703125
1 0.7171875 0.81484375 0.159375 0.3703125
1 0.9296875 0.81484375 0.140625 0.3703125