0 0.08046875 0.36640625 0.1609375 0.2453125
0 0.190625 0.38203125 0.2125 0.2140625
0 0.3421875 0.390625 0.225 0.196875
0 0.47890625 0.4046875 0.2109375 0.16875
2 0.49453125 0.3703125 0.0921875 0.078125
2 0.36484375 0.328125 0.090625 0.08125
2 0.21953125 0.3234375 0.09375 0.090625
2 0.0796875 0.2921875 0.103125 0.084375
1 0.925 0.24453125 0.15 0.4890625
0 0.271875 0.90234375 0.2875 0.1953125
2 0.33203125 0.88125 0.125 0.15
2 0.465625 0.96953125 0.0453125 0.040625
2 0.51484375 0.97890625 0.0328125 0.0421875
3 0.88203125 0.58671875 0.0640625 0.0828125
3 0.95546875 0.5453125 0.0890625 0.1125
1 0.925 0.74453125 0.15 0.5109375
1 0.8796875 0.746875 0.059375 0.403125
1 0.94140625 0.65546875 0.1171875 0.3328125