0 0.0734375 0.3015625 0.146875 0.315625
0 0.15703125 0.309375 0.1203125 0.3
0 0.2359375 0.31328125 0.128125 0.2921875
3 0.85625 0.05625 0.128125 0.1125
3 0.66640625 0.125 0.090625 0.0828125
3 0.40234375 0.06328125 0.1421875 0.11875
3 0.3265625 0.05625 0.053125 0.05
3 0.46640625 0.1328125 0.1046875 0.08125
1 0.8453125 0.2296875 0.309375 0.459375
1 0.64765625 0.26953125 0.2453125 0.3796875
1 0.4890625 0.27734375 0.221875 0.3640625
1 0.41015625 0.2296875 0.2203125 0.459375
1 0.33515625 0.1375 0.0703125 0.21875
0 0.06484375 0.7296875 0.1296875 0.540625
4 0.059375 0.56171875 0.11875 0.2046875
1 0.74765625 0.6984375 0.1328125 0.2796875
1 0.58203125 0.83203125 0.1671875 0.3359375
3 0.625 0.690625 0.0546875 0.0375
3 0.7671875 0.584375 0.0546875 0.0328125