2 0.14765625 0.03359375 0.071875 0.0640625
0 0.16875 0.1734375 0.1421875 0.34375
0 0.02734375 0.2296875 0.0546875 0.459375
2 0.5453125 0.015625 0.125 0.03125
4 0.8953125 0.1953125 0.209375 0.378125
4 0.725 0.178125 0.1875 0.35625
4 0.540625 0.25625 0.203125 0.40625
0 0.9015625 0.2296875 0.196875 0.459375
0 0.73828125 0.2296875 0.2265625 0.459375
0 0.53984375 0.2296875 0.2015625 0.459375
0 0.6015625 0.6109375 0.221875 0.303125
0 0.69140625 0.8125 0.2703125 0.375
2 0.74296875 0.69296875 0.1015625 0.1
2 0.6 0.471875 0.10625 0.025