0 0.29609375 0.36328125 0.1703125 0.1515625
0 0.2140625 0.27265625 0.2 0.3328125
0 0.44140625 0.3640625 0.1578125 0.15
2 0.453125 0.340625 0.06875 0.0765625
2 0.259375 0.15234375 0.0515625 0.04375
0 0.91484375 0.34921875 0.1703125 0.1796875
0 0.69296875 0.32265625 0.2078125 0.2328125
0 0.82421875 0.31875 0.2515625 0.240625
0 0.621875 0.21171875 0.065625 0.3359375
0 0.8125 0.25390625 0.11875 0.2546875
0 0.940625 0.19921875 0.08125 0.1078125
0 0.98828125 0.23671875 0.0234375 0.0859375
0 0.5453125 0.71953125 0.0875 0.5609375
0 0.31484375 0.71953125 0.5390625 0.5609375
4 0.3203125 0.55234375 0.240625 0.2265625
2 0.7203125 0.75703125 0.121875 0.09375
0 0.69609375 0.8390625 0.2140625 0.321875