0 0.20546875 0.24453125 0.2921875 0.4890625
3 0.61953125 0.13359375 0.08125 0.1078125
3 0.46953125 0.29921875 0.0671875 0.128125
4 0.59375 0.39296875 0.184375 0.3578125
4 0.4359375 0.3671875 0.071875 0.225
1 0.62578125 0.35703125 0.2609375 0.6046875
1 0.4609375 0.45 0.121875 0.41875
3 0.10703125 0.71015625 0.0890625 0.0515625
3 0.27109375 0.92890625 0.0375 0.046875
4 0.103125 0.84921875 0.1609375 0.1640625
4 0.2703125 0.9734375 0.0625 0.053125
1 0.1015625 0.8375 0.18125 0.325
1 0.2765625 0.95078125 0.08125 0.0984375
0 0.8109375 0.7890625 0.16875 0.259375
0 0.928125 0.74765625 0.14375 0.1765625