2 0.4625 0.19296875 0.0765625 0.059375
0 0.47734375 0.234375 0.1234375 0.15
1 0.59375 0.2046875 0.0875 0.209375
1 0.70234375 0.2 0.2140625 0.21875
1 0.8734375 0.1625 0.153125 0.29375
1 0.96640625 0.18046875 0.0671875 0.2578125
0 0.4140625 0.678125 0.25 0.64375
2 0.3671875 0.45859375 0.1671875 0.2
0 0.63671875 0.80234375 0.1578125 0.3953125
0 0.78984375 0.80234375 0.1703125 0.3953125
0 0.92421875 0.8078125 0.1515625 0.384375
2 0.91015625 0.6609375 0.0875 0.0703125
2 0.7765625 0.63515625 0.084375 0.075
2 0.63125 0.6484375 0.0875 0.084375