0 0.40703125 0.33828125 0.1453125 0.2421875
2 0.38828125 0.2828125 0.0921875 0.125
0 0.5484375 0.2296875 0.1375 0.459375
0 0.975 0.3078125 0.05 0.303125
0 0.67734375 0.23125 0.0703125 0.303125
0 0.9140625 0.29375 0.109375 0.33125
2 0.53359375 0.05 0.1078125 0.1
0 0.72734375 0.20703125 0.040625 0.215625
2 0.89765625 0.18203125 0.065625 0.0921875
2 0.978125 0.18515625 0.04375 0.1015625
2 0.67421875 0.10078125 0.04375 0.0375
2 0.72578125 0.11171875 0.0296875 0.0515625
1 0.428125 0.7875 0.103125 0.425
3 0.46484375 0.628125 0.0296875 0.09375
1 0.5796875 0.7296875 0.2 0.540625