2 0.68671875 0.59375 0.1703125 0.196875
2 0.88125 0.48515625 0.08125 0.08125
2 0.7109375 0.43125 0.0640625 0.08125
2 0.60546875 0.38359375 0.0609375 0.0734375
0 0.88359375 0.71953125 0.1765625 0.5609375
0 0.74375 0.74921875 0.353125 0.5015625
0 0.59140625 0.56484375 0.0921875 0.41875
0 0.51953125 0.4625 0.0515625 0.26875
0 0.4421875 0.42578125 0.0515625 0.23125
0 0.7671875 0.37734375 0.046875 0.159375
0 0.91171875 0.4109375 0.046875 0.153125
4 0.9125 0.690625 0.10625 0.2484375
4 0.52265625 0.4234375 0.040625 0.11875
4 0.58046875 0.49765625 0.0625 0.1640625
4 0.440625 0.39140625 0.0453125 0.084375