0 0.0609375 0.18984375 0.121875 0.3796875
0 0.2015625 0.18984375 0.240625 0.3796875
0 0.41484375 0.20703125 0.2296875 0.3453125
4 0.625 0.26875 0.190625 0.221875
3 0.59921875 0.0515625 0.1390625 0.103125
1 0.66796875 0.18984375 0.2765625 0.3796875
4 0.06875 0.76796875 0.1375 0.3671875
4 0.29921875 0.81328125 0.1859375 0.3734375
4 0.48203125 0.8359375 0.0953125 0.328125
1 0.06953125 0.7203125 0.1390625 0.559375
1 0.28984375 0.7359375 0.2171875 0.528125
1 0.47734375 0.74453125 0.1046875 0.5109375
1 0.15234375 0.72890625 0.1984375 0.5421875
1 0.42265625 0.7453125 0.2140625 0.509375
1 0.6640625 0.778125 0.26875 0.44375
3 0.62109375 0.63203125 0.10625 0.084375