2 0.3296875 0.33203125 0.05625 0.0140625
2 0.5890625 0.3296875 0.05625 0.01875
2 0.296875 0.33046875 0.059375 0.0171875
0 0.80546875 0.20703125 0.1734375 0.2640625
2 0.7578125 0.11328125 0.078125 0.0703125
0 0.5171875 0.80078125 0.0765625 0.2359375
0 0.32578125 0.7375 0.1546875 0.525
0 0.10625 0.77109375 0.128125 0.4578125
2 0.13828125 0.565625 0.0609375 0.0484375
2 0.34765625 0.5046875 0.0671875 0.0421875
2 0.52265625 0.6984375 0.0203125 0.0203125
3 0.88359375 0.6796875 0.021875 0.0140625
3 0.73203125 0.66640625 0.0125 0.009375
1 0.73203125 0.6859375 0.0265625 0.05625
1 0.88125 0.72421875 0.0484375 0.1125