0 0.321875 0.2046875 0.615625 0.409375
2 0.33203125 0.08046875 0.2359375 0.1609375
0 0.8734375 0.12265625 0.065625 0.2453125
0 0.75390625 0.13203125 0.115625 0.2421875
0 0.98046875 0.08984375 0.0390625 0.1796875
2 0.72109375 0.05234375 0.0359375 0.0625
1 0.24140625 0.75234375 0.4296875 0.4953125
1 0.34375 0.61328125 0.190625 0.4078125
3 0.203125 0.57734375 0.115625 0.115625
4 0.225 0.76796875 0.2703125 0.2625
4 0.33359375 0.47109375 0.1296875 0.1234375
1 0.76796875 0.7046875 0.2765625 0.590625
4 0.66953125 0.825 0.0796875 0.35