0 0.20625 0.35703125 0.4125 0.3640625
0 0.4390625 0.26953125 0.321875 0.5390625
2 0.528125 0.12265625 0.14375 0.2265625
2 0.23515625 0.2546875 0.1859375 0.18125
1 0.74375 0.3359375 0.2875 0.40625
1 0.646875 0.30234375 0.09375 0.4296875
1 0.83671875 0.34921875 0.14375 0.2703125
1 0.92734375 0.29140625 0.1453125 0.4953125
3 0.7140625 0.1859375 0.1015625 0.0859375
3 0.8171875 0.2515625 0.059375 0.0421875
3 0.9390625 0.26015625 0.059375 0.053125
3 0.94453125 0.09921875 0.1109375 0.0828125
1 0.11640625 0.825 0.2203125 0.35
1 0.0453125 0.8375 0.090625 0.325
1 0.29296875 0.82734375 0.1734375 0.3453125
1 0.46953125 0.82265625 0.2265625 0.3546875
3 0.81015625 0.58828125 0.1609375 0.0984375
1 0.86328125 0.70234375 0.2734375 0.3265625