2 0.43828125 0.2328125 0.1234375 0.2125
2 0.17890625 0.07265625 0.3421875 0.1453125
0 0.40234375 0.22265625 0.1953125 0.2328125
0 0.175 0.16953125 0.35 0.3390625
1 0.728125 0.16953125 0.253125 0.3390625
1 0.92734375 0.128125 0.1453125 0.25625
3 0.065625 0.62265625 0.0546875 0.0296875
3 0.42265625 0.9546875 0.05 0.0296875
1 0.07734375 0.70546875 0.1546875 0.2328125
1 0.415625 0.965625 0.16875 0.06875
3 0.98671875 0.66953125 0.0265625 0.0484375
3 0.91484375 0.63046875 0.0640625 0.05
3 0.81796875 0.66953125 0.05 0.0375
3 0.7125 0.6734375 0.0671875 0.040625
3 0.51484375 0.675 0.0296875 0.0625
1 0.96796875 0.79765625 0.0640625 0.4046875
1 0.89765625 0.7875 0.1390625 0.425
1 0.80625 0.81875 0.121875 0.3625
1 0.7046875 0.82109375 0.134375 0.3578125
1 0.52578125 0.81875 0.0515625 0.3625