2 0.07890625 0.02421875 0.1296875 0.0484375
0 0.1140625 0.23984375 0.228125 0.4796875
0 0.25234375 0.15078125 0.2578125 0.3015625
0 0.903125 0.38046875 0.19375 0.3578125
0 0.9078125 0.17578125 0.184375 0.2640625
0 0.58046875 0.275 0.0828125 0.30625
0 0.65 0.26640625 0.1234375 0.209375
2 0.54921875 0.165625 0.0203125 0.05
2 0.77734375 0.1953125 0.05625 0.059375
2 0.79921875 0.11328125 0.0625 0.065625
2 0.896875 0.3125 0.184375 0.1390625
2 0.61796875 0.1875 0.053125 0.0515625
0 0.2359375 0.7796875 0.471875 0.440625
4 0.1890625 0.7796875 0.378125 0.440625
2 0.9546875 0.5703125 0.078125 0.021875
2 0.75234375 0.590625 0.0953125 0.0625
0 0.95078125 0.709375 0.0984375 0.3
0 0.70390625 0.7796875 0.3140625 0.440625
0 0.79765625 0.7796875 0.2328125 0.440625