0 0.2671875 0.25234375 0.215625 0.5046875
0 0.08046875 0.36484375 0.1609375 0.4078125
2 0.10546875 0.19375 0.0609375 0.046875
0 0.809375 0.284375 0.38125 0.56875
2 0.88359375 0.18828125 0.2328125 0.3234375
4 0.18984375 0.9296875 0.1484375 0.140625
3 0.209375 0.8484375 0.090625 0.0515625
3 0.309375 0.728125 0.0921875 0.0671875
1 0.38984375 0.67578125 0.1859375 0.2140625
1 0.29765625 0.8359375 0.2421875 0.328125
1 0.21875 0.90625 0.34375 0.1875
1 0.6921875 0.84140625 0.146875 0.3171875
3 0.66796875 0.80625 0.0984375 0.1875
3 0.8359375 0.97578125 0.09375 0.0484375