0 0.48046875 0.2046875 0.0984375 0.390625
0 0.34921875 0.1953125 0.075 0.346875
2 0.36328125 0.04453125 0.0515625 0.040625
2 0.4984375 0.0421875 0.0625 0.065625
1 0.92109375 0.11015625 0.1578125 0.2203125
2 0.04140625 0.4984375 0.0828125 0.071875
2 0.14609375 0.52265625 0.0796875 0.096875
0 0.465625 0.759375 0.128125 0.48125
0 0.36484375 0.76875 0.1359375 0.4625
0 0.24375 0.74140625 0.125 0.5171875
0 0.12265625 0.7359375 0.1265625 0.528125
0 0.04765625 0.73046875 0.0953125 0.5390625
1 0.66640625 0.73046875 0.2734375 0.5390625
3 0.63359375 0.5328125 0.1078125 0.1171875