0 0.1046875 0.14609375 0.209375 0.2921875
0 0.56640625 0.5046875 0.2234375 0.25
0 0.36484375 0.378125 0.278125 0.375
0 0.56875 0.1703125 0.228125 0.153125
0 0.76953125 0.54375 0.2140625 0.171875
0 0.8140625 0.44609375 0.1109375 0.1515625
0 0.77578125 0.49296875 0.146875 0.1828125
2 0.6 0.13984375 0.0859375 0.06875
2 0.56640625 0.41875 0.08125 0.0625
2 0.7515625 0.44453125 0.0796875 0.059375
2 0.4296875 0.3515625 0.096875 0.075
2 0.803125 0.39921875 0.084375 0.0515625
0 0.16328125 0.81484375 0.0921875 0.3703125
0 0.0453125 0.81484375 0.090625 0.3703125
0 0.059375 0.7296875 0.115625 0.2
4 0.6453125 0.790625 0.259375 0.321875
1 0.65234375 0.81484375 0.3515625 0.3703125