2 0.3125 0.44453125 0.1359375 0.1703125
2 0.1453125 0.4671875 0.1375 0.11875
2 0.4140625 0.4765625 0.08125 0.1125
0 0.09921875 0.54765625 0.1984375 0.2640625
0 0.32578125 0.521875 0.3078125 0.315625
1 0.78203125 0.3828125 0.1921875 0.59375
3 0.78671875 0.13828125 0.0765625 0.075
4 0.103125 0.94296875 0.128125 0.1140625
4 0.278125 0.96015625 0.1125 0.0796875
2 0.2828125 0.95390625 0.0546875 0.065625
2 0.146875 0.84765625 0.08125 0.075
0 0.10234375 0.90078125 0.1734375 0.1984375
0 0.26171875 0.95859375 0.1484375 0.0828125
0 0.68828125 0.83984375 0.1421875 0.3203125
0 0.5640625 0.790625 0.1125 0.221875
0 0.76875 0.7609375 0.05625 0.1625