2 0.57421875 0.47734375 0.0890625 0.0984375
0 0.53359375 0.53515625 0.1703125 0.2296875
2 0.8765625 0.171875 0.0671875 0.0703125
2 0.73984375 0.18828125 0.05625 0.0515625
2 0.63984375 0.221875 0.0421875 0.046875
0 0.6578125 0.3984375 0.078125 0.3875
0 0.7453125 0.403125 0.109375 0.49375
0 0.90234375 0.3921875 0.1328125 0.515625
3 0.08984375 0.81328125 0.1796875 0.2203125
1 0.43515625 0.834375 0.3671875 0.33125
1 0.14140625 0.85 0.2828125 0.3
3 0.80078125 0.9109375 0.14375 0.15
1 0.7515625 0.91796875 0.265625 0.1640625