2 0.01953125 0.278125 0.0390625 0.090625
2 0.11328125 0.25 0.0734375 0.0828125
0 0.09453125 0.29765625 0.1640625 0.1640625
0 0.184375 0.2921875 0.096875 0.175
0 0.26640625 0.28984375 0.0921875 0.1796875
4 0.1875 0.303125 0.0609375 0.1234375
4 0.1171875 0.3296875 0.090625 0.1
4 0.27421875 0.2859375 0.059375 0.090625
0 0.871875 0.27265625 0.25625 0.2140625
0 0.740625 0.26796875 0.253125 0.2234375
2 0.80078125 0.21328125 0.096875 0.0828125
2 0.93671875 0.209375 0.09375 0.0859375
2 0.52578125 0.57578125 0.0984375 0.096875
2 0.34921875 0.59140625 0.0921875 0.0765625
2 0.16171875 0.5265625 0.2046875 0.2046875
2 0.0359375 0.5453125 0.071875 0.11875
0 0.51171875 0.73046875 0.1546875 0.5390625
0 0.46875 0.759375 0.240625 0.48125
0 0.31953125 0.77265625 0.2859375 0.4546875
0 0.1734375 0.71171875 0.346875 0.5765625
3 0.89609375 0.66015625 0.075 0.0703125
1 0.85625 0.80625 0.228125 0.3875