2 0.45703125 0.06015625 0.1390625 0.1203125
2 0.62109375 0.071875 0.140625 0.1203125
2 0.35234375 0.0578125 0.084375 0.1140625
2 0.23046875 0.0390625 0.1078125 0.078125
0 0.64765625 0.2265625 0.2109375 0.40625
0 0.40703125 0.21484375 0.3453125 0.4296875
0 0.125 0.21484375 0.25 0.4296875
1 0.8546875 0.21484375 0.071875 0.4296875
1 0.87890625 0.21484375 0.1203125 0.4296875
1 0.93828125 0.21484375 0.1234375 0.4296875
1 0.9390625 0.21484375 0.121875 0.4296875
3 0.49375 0.62734375 0.0828125 0.0875
1 0.52890625 0.7625 0.178125 0.3671875
2 0.8359375 0.9765625 0.034375 0.046875