0 0.24375 0.0234375 0.146875 0.046875
1 0.59375 0.28046875 0.328125 0.2578125
1 0.803125 0.328125 0.328125 0.1625
3 0.8453125 0.296875 0.08125 0.059375
3 0.66171875 0.21484375 0.121875 0.096875
0 0.175 0.7046875 0.35 0.590625
0 0.24609375 0.715625 0.2609375 0.56875
0 0.32578125 0.71953125 0.2078125 0.5609375
0 0.384375 0.74375 0.090625 0.5125
2 0.296875 0.47265625 0.0921875 0.075
2 0.39375 0.49375 0.071875 0.0625
4 0.74609375 0.909375 0.4265625 0.18125
2 0.8203125 0.72734375 0.2515625 0.1875
0 0.73984375 0.7859375 0.5203125 0.428125