0 0.0859375 0.234375 0.171875 0.46875
0 0.10546875 0.234375 0.2109375 0.46875
0 0.20078125 0.2015625 0.2234375 0.403125
0 0.396875 0.24921875 0.25 0.4390625
0 0.49453125 0.234375 0.3109375 0.46875
0 0.421875 0.13515625 0.175 0.2703125
0 0.29609375 0.18359375 0.1796875 0.3671875
0 0.33203125 0.0828125 0.0984375 0.165625
2 0.4 0.07109375 0.09375 0.0796875
2 0.52734375 0.05 0.1421875 0.1
1 0.52890625 0.77734375 0.2421875 0.4453125
3 0.47890625 0.621875 0.0921875 0.10625
4 0.91484375 0.8078125 0.1703125 0.384375
1 0.8875 0.734375 0.225 0.53125