0 0.5578125 0.225 0.1625 0.45
0 0.2578125 0.225 0.165625 0.45
0 0.1578125 0.1921875 0.13125 0.384375
0 0.08828125 0.17890625 0.1109375 0.3578125
0 0.3671875 0.1921875 0.121875 0.384375
0 0.43984375 0.16796875 0.0984375 0.3359375
0 0.02578125 0.1171875 0.0515625 0.234375
0 0.93359375 0.35 0.1140625 0.2
0 0.98359375 0.33359375 0.0328125 0.2328125
2 0.9484375 0.28515625 0.0484375 0.0640625
3 0.1375 0.6421875 0.0875 0.0921875
1 0.090625 0.76875 0.18125 0.375
3 0.75 0.9015625 0.0359375 0.0375
3 0.6671875 0.93125 0.03125 0.0296875
1 0.73984375 0.9390625 0.0921875 0.121875
1 0.67421875 0.95546875 0.0703125 0.0890625