2 0.378125 0.0453125 0.146875 0.090625
0 0.4765625 0.128125 0.10625 0.25625
0 0.359375 0.2234375 0.321875 0.446875
3 0.55 0.34375 0.040625 0.146875
3 0.69296875 0.3390625 0.1015625 0.0734375
1 0.72578125 0.18046875 0.10625 0.1078125
1 0.60546875 0.3828125 0.1515625 0.253125
1 0.71640625 0.40546875 0.2171875 0.2078125
0 0.15546875 0.8125 0.2140625 0.375
0 0.34765625 0.8296875 0.2078125 0.340625
0 0.26015625 0.809375 0.2296875 0.38125
1 0.5890625 0.709375 0.11875 0.4
3 0.60234375 0.52734375 0.0609375 0.0359375