0 0.3125 0.2296875 0.29375 0.459375
1 0.81875 0.4171875 0.078125 0.084375
1 0.87734375 0.41875 0.1015625 0.08125
1 0.56171875 0.38828125 0.0859375 0.1421875
1 0.6140625 0.3875 0.09375 0.14375
3 0.56484375 0.3359375 0.0484375 0.040625
3 0.6171875 0.33671875 0.0296875 0.040625
3 0.73515625 0.4375 0.0546875 0.04375
3 0.96484375 0.42578125 0.05 0.0421875
0 0.36796875 0.78671875 0.1828125 0.4265625
0 0.19296875 0.7984375 0.1828125 0.403125
0 0.06015625 0.8234375 0.1203125 0.353125
0 0.95703125 0.7296875 0.0859375 0.540625
0 0.87265625 0.7296875 0.1796875 0.540625
2 0.87109375 0.47109375 0.0890625 0.0234375