4 0.12265625 0.4921875 0.2453125 0.09375
2 0.1140625 0.19375 0.228125 0.26875
0 0.14453125 0.3 0.2890625 0.478125
4 0.48984375 0.159375 0.1890625 0.296875
2 0.55703125 0.02421875 0.0859375 0.0484375
0 0.5 0.26953125 0.378125 0.5390625
0 0.14453125 0.76953125 0.2890625 0.4609375
0 0.21171875 0.76953125 0.1546875 0.4609375
2 0.0765625 0.59765625 0.153125 0.1171875
0 0.33046875 0.93515625 0.0828125 0.1296875
0 0.4109375 0.93828125 0.0875 0.1234375
0 0.4640625 0.92421875 0.078125 0.1515625
0 0.59921875 0.91796875 0.1140625 0.1640625
0 0.74296875 0.94453125 0.1234375 0.1109375
0 0.86015625 0.9296875 0.1234375 0.140625
2 0.41171875 0.9203125 0.0578125 0.0859375