2 0.09140625 0.22421875 0.065625 0.0640625
2 0.05625 0.2625 0.0609375 0.0640625
4 0.1578125 0.353125 0.1234375 0.221875
4 0.08359375 0.39453125 0.115625 0.190625
0 0.14609375 0.37109375 0.2828125 0.3765625
0 0.115625 0.38671875 0.1875 0.3453125
3 0.6953125 0.209375 0.059375 0.0546875
3 0.87890625 0.16953125 0.0609375 0.065625
3 0.965625 0.2125 0.06875 0.0859375
3 0.984375 0.14765625 0.03125 0.0921875
1 0.73359375 0.36875 0.1984375 0.38125
1 0.8390625 0.36484375 0.13125 0.3890625
1 0.8921875 0.35 0.203125 0.41875
1 0.93984375 0.36484375 0.1203125 0.3890625
2 0.0734375 0.8375 0.03125 0.03125
2 0.02109375 0.91640625 0.0421875 0.0453125
2 0.16015625 0.64453125 0.05 0.05
2 0.2546875 0.6234375 0.04375 0.04375
0 0.03125 0.9390625 0.0625 0.121875
4 0.078125 0.9140625 0.06875 0.1015625
0 0.1671875 0.78515625 0.1890625 0.3640625
0 0.28125 0.7875 0.140625 0.36875
0 0.371875 0.85 0.09375 0.28125
0 0.08125 0.903125 0.1125 0.19375
0 0.89921875 0.7953125 0.2015625 0.409375
2 0.85 0.64140625 0.0640625 0.0671875