2 0.36171875 0.0921875 0.1765625 0.184375
0 0.31171875 0.3 0.2765625 0.6
3 0.72265625 0.36796875 0.0234375 0.028125
3 0.7640625 0.3890625 0.03125 0.0328125
3 0.81953125 0.38125 0.0390625 0.03125
4 0.70859375 0.43828125 0.0609375 0.0953125
4 0.753125 0.4671875 0.0546875 0.1015625
4 0.8125 0.46171875 0.0640625 0.0984375
1 0.7015625 0.45859375 0.065625 0.225
1 0.75390625 0.46796875 0.0734375 0.2171875
1 0.81328125 0.46640625 0.084375 0.221875
0 0.05 0.78203125 0.1 0.3640625
0 0.12890625 0.7671875 0.1828125 0.334375
0 0.25625 0.77421875 0.221875 0.3484375
0 0.36484375 0.73671875 0.1359375 0.2734375
0 0.40078125 0.75625 0.0984375 0.3125
1 0.825 0.81015625 0.178125 0.3796875
1 0.89921875 0.6375 0.1234375 0.075
3 0.46328125 0.94375 0.0265625 0.040625