0 0.17109375 0.38515625 0.2546875 0.2078125
2 0.1140625 0.33984375 0.1 0.0828125
0 0.08125 0.2578125 0.0484375 0.0671875
2 0.09296875 0.234375 0.0265625 0.021875
0 0.809375 0.41171875 0.11875 0.1546875
0 0.671875 0.38359375 0.153125 0.2109375
0 0.4328125 0.41171875 0.10625 0.1546875
0 0.5234375 0.4171875 0.059375 0.14375
0 0.5734375 0.4234375 0.065625 0.13125
2 0.8046875 0.359375 0.05 0.0421875
2 0.675 0.325 0.0640625 0.0796875
2 0.4171875 0.35859375 0.0546875 0.0484375
2 0.5640625 0.3640625 0.0375 0.0234375
2 0.51484375 0.3640625 0.0296875 0.0359375
1 0.296875 0.878125 0.165625 0.24375
1 0.24609375 0.8578125 0.16875 0.28125
1 0.20859375 0.821875 0.090625 0.2015625
1 0.19375 0.8 0.0515625 0.140625
0 0.6 0.79921875 0.33125 0.4015625
4 0.6015625 0.8296875 0.2625 0.340625