0 0.46875 0.33203125 0.08125 0.2734375
0 0.41875 0.3328125 0.178125 0.271875
0 0.14765625 0.0453125 0.1203125 0.090625
0 0.2515625 0.06015625 0.109375 0.1203125
0 0.03671875 0.31328125 0.0734375 0.3109375
0 0.95859375 0.30859375 0.0828125 0.3203125
0 0.76875 0.3171875 0.16875 0.303125
0 0.58671875 0.32421875 0.1546875 0.2890625
0 0.05625 0.81484375 0.1125 0.3703125
0 0.19296875 0.7859375 0.2421875 0.428125
0 0.39609375 0.81171875 0.2265625 0.3765625
2 0.06171875 0.703125 0.1234375 0.134375
2 0.240625 0.6265625 0.1484375 0.1015625
2 0.45703125 0.67265625 0.1046875 0.0984375
2 0.48359375 0.58515625 0.0515625 0.0984375
2 0.85390625 0.5578125 0.0859375 0.1078125
0 0.540625 0.734375 0.0625 0.53125
0 0.86484375 0.63515625 0.1890625 0.3328125