2 0.21484375 0.18828125 0.0734375 0.0609375
2 0.50625 0.19375 0.053125 0.034375
2 0.5859375 0.15546875 0.0609375 0.0453125
2 0.95078125 0.6078125 0.08125 0.1296875
0 0.203125 0.80703125 0.221875 0.3859375
0 0.3265625 0.80625 0.1703125 0.3875
0 0.053125 0.75 0.090625 0.5
0 0.19140625 0.33671875 0.203125 0.3796875
0 0.19765625 0.08203125 0.23125 0.15625
0 0.58984375 0.309375 0.1140625 0.38125
0 0.4859375 0.35078125 0.103125 0.3609375
0 0.7671875 0.7828125 0.1828125 0.434375
0 0.89921875 0.790625 0.1265625 0.4140625
0 0.95703125 0.759375 0.078125 0.48125