2 0.1265625 0.01640625 0.109375 0.0328125
0 0.15625 0.1296875 0.209375 0.259375
1 0.596875 0.16328125 0.15625 0.1921875
3 0.59140625 0.0984375 0.0703125 0.0578125
4 0.59765625 0.2 0.1203125 0.11875
1 0.3953125 0.6296875 0.246875 0.740625
1 0.27265625 0.6734375 0.1890625 0.653125
3 0.28515625 0.40625 0.11875 0.109375
3 0.73359375 0.7875 0.021875 0.0375
3 0.890625 0.79765625 0.021875 0.0390625
3 0.89921875 0.78125 0.0234375 0.0390625
3 0.675 0.4953125 0.01875 0.021875
1 0.5296875 0.56171875 0.021875 0.2703125
1 0.88203125 0.8875 0.0578125 0.225
1 0.7359375 0.8828125 0.05625 0.234375
1 0.6578125 0.5265625 0.053125 0.0890625
1 0.8859375 0.88203125 0.05 0.2359375