0 0.21484375 0.26484375 0.4296875 0.5296875
0 0.6921875 0.421875 0.225 0.215625
0 0.8015625 0.36015625 0.396875 0.3390625
0 0.68828125 0.2875 0.1921875 0.484375
0 0.621875 0.303125 0.084375 0.453125
0 0.61640625 0.28828125 0.0734375 0.3359375
2 0.590625 0.15703125 0.021875 0.0671875
2 0.646875 0.0890625 0.0671875 0.065625
2 0.66875 0.35859375 0.0953125 0.0828125
2 0.79375 0.30390625 0.146875 0.1625
2 0.39296875 0.6078125 0.1328125 0.1359375
2 0.32265625 0.61484375 0.0875 0.109375
0 0.40859375 0.76796875 0.3421875 0.4640625
0 0.35 0.77578125 0.309375 0.4484375
0 0.79453125 0.72890625 0.2734375 0.3984375
2 0.8046875 0.5609375 0.059375 0.0625