4 0.265625 0.040625 0.165625 0.08125
0 0.29296875 0.184375 0.2171875 0.36875
0 0.0875 0.1328125 0.175 0.265625
2 0.57265625 0.34609375 0.01875 0.0234375
2 0.5375 0.3515625 0.015625 0.028125
2 0.66171875 0.33828125 0.021875 0.0265625
2 0.75390625 0.321875 0.0390625 0.05
2 0.82109375 0.3421875 0.0328125 0.0453125
2 0.92109375 0.31953125 0.078125 0.05
2 0.98203125 0.34765625 0.0359375 0.0421875
2 0.97421875 0.31015625 0.021875 0.0296875
0 0.659375 0.3484375 0.034375 0.040625
0 0.73046875 0.3328125 0.0765625 0.071875
0 0.86171875 0.33046875 0.0453125 0.0765625
0 0.88984375 0.3203125 0.0390625 0.096875
0 0.9453125 0.32890625 0.071875 0.0796875
0 0.1390625 0.69609375 0.15 0.6078125
0 0.02734375 0.69609375 0.0546875 0.6078125
0 0.23671875 0.6625 0.103125 0.421875
0 0.41171875 0.684375 0.2359375 0.63125
2 0.6453125 0.51484375 0.1125 0.13125
4 0.559375 0.446875 0.059375 0.15625
0 0.57265625 0.57734375 0.0859375 0.4171875
0 0.69765625 0.71796875 0.1796875 0.5640625
0 0.5796875 0.76875 0.1 0.4625