0 0.34140625 0.59453125 0.2109375 0.2890625
0 0.14453125 0.65234375 0.2890625 0.1734375
0 0.5203125 0.5328125 0.059375 0.29375
0 0.975 0.5578125 0.05 0.3625
0 0.9390625 0.5671875 0.109375 0.34375
0 0.8484375 0.56796875 0.096875 0.3421875
0 0.765625 0.553125 0.146875 0.371875
0 0.6890625 0.5734375 0.115625 0.33125
4 0.1484375 0.8953125 0.296875 0.209375
0 0.171875 0.86953125 0.34375 0.2609375
2 0.575 0.8109375 0.05 0.0875
2 0.69375 0.8703125 0.08125 0.0984375
2 0.7421875 0.77421875 0.065625 0.0703125
2 0.97109375 0.7546875 0.0578125 0.03125
0 0.8765625 0.80390625 0.04375 0.1296875
0 0.96640625 0.86953125 0.0671875 0.2609375
0 0.73984375 0.86953125 0.1484375 0.2609375
0 0.590625 0.88125 0.08125 0.2375
2 0.75625 0.990625 0.084375 0.01875