2 0.2203125 0.48359375 0.0703125 0.0546875
0 0.18671875 0.5265625 0.2390625 0.184375
2 0.934375 0.39609375 0.090625 0.0921875
2 0.9234375 0.31171875 0.0625 0.0625
2 0.8078125 0.32109375 0.0546875 0.05625
2 0.696875 0.2921875 0.0453125 0.040625
2 0.65078125 0.2875 0.0484375 0.0390625
2 0.5875 0.28125 0.03125 0.0359375
2 0.56171875 0.2921875 0.078125 0.05
0 0.903125 0.48203125 0.19375 0.2734375
0 0.7734375 0.45234375 0.16875 0.3328125
0 0.66953125 0.44296875 0.1546875 0.3515625
0 0.61875 0.41953125 0.103125 0.3046875
0 0.5703125 0.43671875 0.103125 0.3640625
0 0.05546875 0.809375 0.1109375 0.38125
0 0.11953125 0.81796875 0.1828125 0.3640625
2 0.1484375 0.67265625 0.0484375 0.046875
0 0.34765625 0.92265625 0.1828125 0.1546875
2 0.31484375 0.87578125 0.06875 0.0640625
4 0.6046875 0.8578125 0.171875 0.284375
4 0.84140625 0.8921875 0.2828125 0.215625
0 0.6453125 0.809375 0.253125 0.38125
0 0.84765625 0.809375 0.3046875 0.38125