2 0.33125 0.0125 0.040625 0.025
0 0.34375 0.06171875 0.090625 0.1234375
0 0.30625 0.03359375 0.0875 0.0671875
4 0.5 0.35546875 0.221875 0.1890625
0 0.53203125 0.22578125 0.2859375 0.4484375
0 0.0875 0.9109375 0.175 0.178125
2 0.05859375 0.87265625 0.090625 0.0984375
1 0.94453125 0.81015625 0.1109375 0.3796875
1 0.8421875 0.80390625 0.275 0.3921875
1 0.778125 0.7828125 0.15625 0.3390625
1 0.57890625 0.85703125 0.3796875 0.2859375
1 0.68359375 0.8203125 0.1453125 0.359375
1 0.58359375 0.70859375 0.13125 0.21875
1 0.47265625 0.77421875 0.1671875 0.4515625