2 0.08046875 0.41796875 0.0546875 0.0375
0 0.090625 0.44921875 0.13125 0.1203125
4 0.68984375 0.37890625 0.3421875 0.2609375
2 0.6328125 0.13125 0.228125 0.1625
0 0.7171875 0.25703125 0.396875 0.5046875
2 0.4171875 0.65390625 0.1125 0.0921875
2 0.478125 0.6828125 0.06875 0.06875
2 0.03671875 0.65078125 0.0734375 0.0890625
0 0.4234375 0.7984375 0.190625 0.403125
0 0.0875 0.7875 0.175 0.425
4 0.7015625 0.87578125 0.365625 0.2484375
2 0.6515625 0.63515625 0.2375 0.1625
0 0.72890625 0.7546875 0.4203125 0.490625