0 0.06796875 0.125 0.1359375 0.25
0 0.1859375 0.1625 0.30625 0.175
0 0.2640625 0.1484375 0.15 0.203125
0 0.578125 0.1453125 0.478125 0.209375
0 0.82890625 0.2 0.3421875 0.1
2 0.49453125 0.17421875 0.3109375 0.1515625
1 0.2671875 0.703125 0.14375 0.59375
1 0.08359375 0.67578125 0.1671875 0.4359375
3 0.11328125 0.53359375 0.0859375 0.1140625
4 0.06875 0.596875 0.1375 0.2
4 0.315625 0.75078125 0.046875 0.3578125
2 0.35546875 0.58046875 0.0328125 0.0734375
2 0.51171875 0.725 0.0625 0.046875
0 0.38203125 0.76875 0.0859375 0.4625
0 0.6875 0.75703125 0.128125 0.259375
0 0.7609375 0.7546875 0.10625 0.271875
0 0.51171875 0.77109375 0.1015625 0.146875