0 0.1484375 0.71015625 0.1125 0.5671875
0 0.24453125 0.6640625 0.109375 0.5
0 0.38125 0.665625 0.13125 0.6109375
0 0.50625 0.65390625 0.1359375 0.590625
0 0.66484375 0.6578125 0.1203125 0.525
0 0.83828125 0.671875 0.0984375 0.525
0 0.953125 0.67421875 0.09375 0.5125
2 0.5109375 0.3875 0.0765625 0.0484375
2 0.3859375 0.3921875 0.059375 0.059375
2 0.31953125 0.43515625 0.0328125 0.0515625
2 0.2421875 0.446875 0.0578125 0.040625
2 0.6796875 0.575 0.046875 0.071875
2 0.74375 0.64921875 0.053125 0.090625
2 0.95 0.4453125 0.0546875 0.046875