4 0.1296875 0.1140625 0.215625 0.228125
4 0.33828125 0.06796875 0.2171875 0.1359375
4 0.4421875 0.06171875 0.115625 0.1234375
4 0.44765625 0.4046875 0.1046875 0.109375
0 0.3625 0.23125 0.275 0.45
0 0.11953125 0.1515625 0.2390625 0.303125
0 0.33203125 0.18984375 0.2328125 0.3796875
0 0.44609375 0.0765625 0.1078125 0.153125
3 0.98828125 0.2375 0.0234375 0.103125
3 0.95390625 0.2171875 0.0828125 0.11875
3 0.8046875 0.0484375 0.08125 0.096875
3 0.65234375 0.421875 0.1421875 0.075
1 0.6125 0.03671875 0.04375 0.0734375
1 0.546875 0.3328125 0.09375 0.253125
1 0.53515625 0.1515625 0.0703125 0.303125
1 0.76328125 0.13203125 0.1484375 0.2640625
1 0.778125 0.30703125 0.16875 0.3046875
1 0.9375 0.134375 0.125 0.26875
3 0.76171875 0.20078125 0.084375 0.0671875
1 0.1515625 0.57734375 0.303125 0.2359375
0 0.934375 0.7296875 0.13125 0.540625
2 0.9078125 0.5234375 0.08125 0.121875
4 0.95390625 0.64375 0.0921875 0.28125