2 0.05234375 0.06015625 0.0296875 0.034375
2 0.0890625 0.0421875 0.0546875 0.0609375
2 0.15703125 0.0109375 0.0765625 0.021875
2 0.25390625 0.04140625 0.053125 0.0453125
2 0.3421875 0.071875 0.078125 0.078125
0 0.0515625 0.23984375 0.103125 0.4796875
0 0.115625 0.23984375 0.23125 0.4796875
0 0.28125 0.24921875 0.246875 0.4609375
0 0.21328125 0.24296875 0.1796875 0.4734375
1 0.93828125 0.275 0.1234375 0.409375
0 0.11484375 0.71640625 0.2296875 0.4734375
0 0.27890625 0.73984375 0.2671875 0.5203125
0 0.4140625 0.73984375 0.13125 0.5203125
3 0.53046875 0.97109375 0.1015625 0.0578125