2 0.07421875 0.01640625 0.0390625 0.0328125
2 0.18671875 0.23125 0.0328125 0.0328125
2 0.353125 0.33046875 0.0359375 0.0328125
2 0.3140625 0.37265625 0.0296875 0.0328125
2 0.3171875 0.4375 0.059375 0.025
2 0.40234375 0.42421875 0.0390625 0.0453125
2 0.44453125 0.4421875 0.0421875 0.015625
0 0.1328125 0.11484375 0.171875 0.2296875
0 0.2078125 0.321875 0.1328125 0.23125
0 0.3703125 0.38046875 0.075 0.1390625
0 0.89921875 0.225 0.2015625 0.45
4 0.93359375 0.32734375 0.1328125 0.2453125
3 0.34921875 0.98203125 0.0609375 0.0359375
3 0.56484375 0.64453125 0.0375 0.0390625
1 0.56328125 0.73203125 0.0734375 0.2265625
2 0.95078125 0.609375 0.0609375 0.0609375
0 0.940625 0.709375 0.11875 0.446875