2 0.24375 0.24296875 0.065625 0.0515625
2 0.3015625 0.259375 0.0609375 0.0671875
2 0.34765625 0.2859375 0.04375 0.03125
2 0.446875 0.259375 0.053125 0.0546875
2 0.5125 0.32265625 0.025 0.03125
2 0.5453125 0.2984375 0.0453125 0.0546875
2 0.60234375 0.228125 0.065625 0.0671875
2 0.7078125 0.26875 0.046875 0.0375
2 0.8 0.28359375 0.0671875 0.0671875
0 0.24765625 0.56796875 0.15625 0.7171875
0 0.31640625 0.5296875 0.109375 0.5765625
0 0.353125 0.4796875 0.084375 0.4265625
0 0.47109375 0.509375 0.15625 0.5515625
0 0.603125 0.5453125 0.1375 0.7046875
0 0.78984375 0.57578125 0.1328125 0.6640625
0 0.7078125 0.49765625 0.0921875 0.5125