0 0.1703125 0.10234375 0.1375 0.2046875
0 0.11953125 0.365625 0.2390625 0.228125
2 0.58359375 0.0078125 0.0484375 0.015625
2 0.68515625 0.00703125 0.0609375 0.0140625
2 0.74140625 0.05546875 0.0296875 0.034375
2 0.77734375 0.03671875 0.053125 0.059375
2 0.94296875 0.0296875 0.0515625 0.04375
0 0.44453125 0.23984375 0.2546875 0.4796875
0 0.51796875 0.23984375 0.1890625 0.4796875
0 0.5609375 0.203125 0.14375 0.40625
0 0.675 0.23984375 0.23125 0.4796875
0 0.8 0.23984375 0.234375 0.4796875
0 0.934375 0.24296875 0.13125 0.4734375
0 0.9109375 0.23984375 0.1625 0.4796875
3 0.20625 0.79296875 0.065625 0.1359375
1 0.15625 0.8609375 0.165625 0.278125
1 0.53203125 0.89765625 0.2578125 0.2046875
1 0.33515625 0.79765625 0.1921875 0.4046875
1 0.33828125 0.90625 0.1296875 0.1875
3 0.328125 0.69765625 0.178125 0.1921875
3 0.58125 0.8703125 0.128125 0.11875
3 0.36171875 0.8546875 0.078125 0.06875
4 0.525 0.95625 0.225 0.0875