0 0.45 0.1875 0.0375 0.375
0 0.41953125 0.16796875 0.0984375 0.3359375
0 0.390625 0.13828125 0.103125 0.2765625
0 0.33828125 0.09765625 0.0640625 0.1953125
0 0.2796875 0.1265625 0.06875 0.253125
0 0.209375 0.1234375 0.09375 0.246875
0 0.121875 0.1234375 0.121875 0.246875
0 0.046875 0.12265625 0.09375 0.2453125
0 0.9078125 0.25 0.184375 0.5
2 0.95546875 0.07890625 0.0890625 0.1578125
1 0.42578125 0.89921875 0.0859375 0.2015625
3 0.43671875 0.85234375 0.0640625 0.0890625
1 0.775 0.75 0.45 0.5
1 0.684375 0.54140625 0.159375 0.0828125