0 0.321875 0.2984375 0.134375 0.596875
0 0.24140625 0.27890625 0.2171875 0.5578125
0 0.08984375 0.253125 0.1796875 0.50625
2 0.27265625 0.01015625 0.0828125 0.0203125
2 0.37578125 0.0234375 0.0265625 0.046875
2 0.08046875 0.15390625 0.05625 0.078125
2 0.01953125 0.21875 0.0390625 0.096875
1 0.50078125 0.4328125 0.2234375 0.334375
3 0.44765625 0.3453125 0.1171875 0.159375
4 0.4859375 0.53125 0.19375 0.1375
4 0.31640625 0.7453125 0.1453125 0.290625
0 0.29296875 0.8 0.1921875 0.4
0 0.0765625 0.8 0.153125 0.4
0 0.884375 0.8 0.23125 0.4
0 0.58359375 0.8 0.3890625 0.4
2 0.60625 0.6234375 0.134375 0.046875