0 0.42109375 0.234375 0.1171875 0.46875
0 0.2375 0.25859375 0.2125 0.4203125
2 0.20390625 0.0765625 0.1171875 0.046875
2 0.1125 0.06328125 0.06875 0.0578125
2 0.040625 0.09765625 0.0578125 0.0703125
2 0.015625 0.06640625 0.03125 0.0515625
0 0.115625 0.22890625 0.11875 0.40625
0 0.04453125 0.209375 0.065625 0.29375
0 0.0203125 0.175 0.040625 0.2875
0 0.6796875 0.109375 0.215625 0.21875
0 0.82890625 0.1140625 0.1546875 0.228125
1 0.33203125 0.91640625 0.2953125 0.1671875
3 0.3875 0.8625 0.0625 0.05
4 0.35234375 0.946875 0.1109375 0.10625
2 0.97109375 0.93125 0.025 0.015625
2 0.96171875 0.89921875 0.021875 0.0125
2 0.72421875 0.90078125 0.01875 0.0234375
2 0.76171875 0.90625 0.021875 0.0296875
2 0.63515625 0.89296875 0.021875 0.0265625
2 0.54296875 0.8765625 0.0390625 0.0484375
2 0.4859375 0.896875 0.0125 0.046875
0 0.94140625 0.94375 0.0296875 0.1125
0 0.9671875 0.95625 0.028125 0.0875
0 0.828125 0.93828125 0.04375 0.1234375
0 0.7546875 0.9484375 0.0375 0.103125
0 0.72265625 0.9421875 0.0296875 0.115625
0 0.6359375 0.94140625 0.034375 0.1171875
0 0.56484375 0.92578125 0.0765625 0.1484375