2 0.39921875 0.2734375 0.0203125 0.08125
2 0.284375 0.23203125 0.1140625 0.0953125
2 0.34609375 0.25859375 0.0703125 0.0703125
0 0.3015625 0.40625 0.215625 0.465625
0 0.828125 0.31953125 0.34375 0.6390625
0 0.528125 0.31953125 0.2375 0.6390625
2 0.475 0.0453125 0.13125 0.090625
2 0.72578125 0.02265625 0.1578125 0.0453125
4 0.4796875 0.21875 0.140625 0.35
0 0.26640625 0.81953125 0.2859375 0.3609375
0 0.09921875 0.81953125 0.1984375 0.3609375
0 0.9296875 0.80078125 0.1234375 0.2859375
2 0.90859375 0.6921875 0.05625 0.0484375