2 0.32265625 0.296875 0.1015625 0.096875
2 0.23984375 0.34375 0.05 0.05625
2 0.178125 0.3046875 0.0953125 0.1140625
0 0.29921875 0.30390625 0.2265625 0.1515625
0 0.14921875 0.29296875 0.2203125 0.1734375
0 0.7171875 0.31640625 0.175 0.1265625
0 0.57265625 0.30625 0.1671875 0.146875
0 0.509375 0.28359375 0.140625 0.1921875
2 0.73359375 0.30078125 0.0796875 0.075
2 0.60546875 0.2609375 0.0578125 0.0453125
2 0.5015625 0.2390625 0.065625 0.06875
2 0.4578125 0.265625 0.0375 0.078125
0 0.03515625 0.5390625 0.0703125 0.31875
0 0.1421875 0.55625 0.128125 0.2875
0 0.6140625 0.74296875 0.35 0.4578125
0 0.6703125 0.49453125 0.203125 0.2296875
0 0.94296875 0.56015625 0.1140625 0.2078125
2 0.81640625 0.49375 0.0546875 0.0578125
2 0.79140625 0.41171875 0.0609375 0.0640625
2 0.70078125 0.61484375 0.18125 0.1328125
2 0.97421875 0.4796875 0.0515625 0.05