0 0.159375 0.3125 0.31875 0.39375
0 0.27578125 0.22265625 0.0859375 0.4453125
2 0.1890625 0.1875 0.1171875 0.1171875
4 0.184375 0.37734375 0.26875 0.2640625
4 0.29375 0.08046875 0.05 0.1609375
1 0.50390625 0.32890625 0.2046875 0.3609375
1 0.80234375 0.31328125 0.2421875 0.3921875
3 0.534375 0.1875 0.05625 0.0609375
3 0.77734375 0.16015625 0.0546875 0.06875
0 0.1 0.96328125 0.090625 0.0734375
0 0.03984375 0.971875 0.0796875 0.05625
2 0.11796875 0.94140625 0.028125 0.0234375
2 0.9296875 0.98046875 0.059375 0.0390625
0 0.7515625 0.921875 0.103125 0.15625
0 0.68046875 0.9078125 0.0796875 0.184375
0 0.91953125 0.978125 0.0890625 0.04375