0 0.83671875 0.2828125 0.1515625 0.253125
0 0.7078125 0.2859375 0.140625 0.246875
0 0.55859375 0.290625 0.1609375 0.2375
0 0.425 0.29765625 0.090625 0.2234375
4 0.8296875 0.35546875 0.1125 0.1078125
4 0.5640625 0.3765625 0.134375 0.065625
4 0.7015625 0.35234375 0.16875 0.1140625
2 0.9515625 0.21015625 0.096875 0.0703125
2 0.7890625 0.23671875 0.078125 0.0859375
2 0.68828125 0.1984375 0.0828125 0.075
2 0.5625 0.23046875 0.0953125 0.0765625
2 0.4046875 0.22734375 0.05 0.0765625
2 0.15390625 0.4265625 0.2203125 0.034375
4 0.07578125 0.60078125 0.1515625 0.3828125
0 0.1328125 0.7046875 0.265625 0.590625
1 0.690625 0.8109375 0.45625 0.378125
3 0.6875 0.67265625 0.1328125 0.0921875