0 0.14140625 0.33984375 0.2828125 0.4390625
0 0.33828125 0.3453125 0.3296875 0.428125
0 0.4765625 0.3375 0.184375 0.44375
2 0.47109375 0.178125 0.0984375 0.0921875
2 0.25703125 0.1890625 0.08125 0.059375
2 0.05859375 0.18125 0.1171875 0.096875
3 0.9890625 0.0828125 0.021875 0.1
3 0.96875 0.15390625 0.053125 0.0578125
3 0.89765625 0.1375 0.1 0.1171875
1 0.90546875 0.29765625 0.1890625 0.5234375
2 0.35078125 0.8640625 0.0234375 0.0265625
2 0.3890625 0.8625 0.0265625 0.0328125
2 0.2625 0.8734375 0.0265625 0.0296875
2 0.16875 0.875 0.0484375 0.05625
2 0.10625 0.9078125 0.040625 0.0515625
2 0.0234375 0.90390625 0.046875 0.0640625
0 0.55859375 0.88828125 0.0203125 0.1640625
0 0.46640625 0.9078125 0.0796875 0.184375
0 0.39609375 0.925 0.0671875 0.15
0 0.365625 0.92265625 0.06875 0.1546875
0 0.27890625 0.93046875 0.0671875 0.1390625
0 0.215625 0.91875 0.134375 0.1625
0 0.12890625 0.946875 0.0765625 0.10625
0 0.0859375 0.93125 0.103125 0.1375
0 0.05625 0.92421875 0.1 0.1515625
0 0.03359375 0.93671875 0.0671875 0.1265625
0 0.784375 0.7796875 0.43125 0.440625