2 0.23828125 0.03203125 0.0953125 0.0640625
2 0.3109375 0.053125 0.0515625 0.040625
2 0.32421875 0.09921875 0.06875 0.0671875
0 0.07890625 0.31484375 0.1578125 0.6296875
0 0.17421875 0.31484375 0.2546875 0.6296875
0 0.290625 0.33046875 0.196875 0.5984375
0 0.3546875 0.334375 0.06875 0.590625
0 0.56796875 0.40703125 0.3578125 0.4453125
0 0.81796875 0.44375 0.3203125 0.371875
0 0.90703125 0.42890625 0.1859375 0.4015625
0 0.19453125 0.81484375 0.3890625 0.3703125
2 0.26953125 0.7421875 0.2390625 0.225
3 0.73984375 0.76796875 0.040625 0.0390625
3 0.90625 0.75625 0.04375 0.034375
3 0.98984375 0.784375 0.0203125 0.03125
4 0.95 0.82265625 0.1 0.0796875
4 0.86953125 0.8078125 0.09375 0.0890625
4 0.67578125 0.7828125 0.0953125 0.0828125
4 0.521875 0.74140625 0.1140625 0.1
1 0.946875 0.84765625 0.10625 0.1796875
1 0.871875 0.82265625 0.1109375 0.190625
1 0.68984375 0.8 0.1578125 0.1390625
1 0.51953125 0.7578125 0.1296875 0.16875