2 0.30234375 0.00625 0.0453125 0.0125
2 0.140625 0.0421875 0.0265625 0.0328125
2 0.10703125 0.0234375 0.0484375 0.046875
0 0.41484375 0.2546875 0.1890625 0.509375
0 0.34765625 0.2546875 0.1390625 0.509375
0 0.3078125 0.20234375 0.10625 0.4046875
0 0.1921875 0.25234375 0.184375 0.5046875
0 0.07421875 0.2546875 0.1484375 0.509375
1 0.6921875 0.42890625 0.253125 0.1609375
3 0.63203125 0.4296875 0.1390625 0.15
1 0.1765625 0.7546875 0.340625 0.490625
1 0.32734375 0.7546875 0.2265625 0.490625
1 0.65078125 0.7546875 0.2828125 0.490625