2 0.35390625 0.1625 0.0765625 0.0453125
2 0.18828125 0.15 0.090625 0.0625
2 0.1515625 0.18125 0.05 0.05
2 0.06171875 0.153125 0.0640625 0.0515625
0 0.3484375 0.334375 0.103125 0.421875
0 0.22109375 0.3328125 0.2234375 0.471875
0 0.078125 0.3328125 0.15625 0.471875
0 0.02890625 0.37109375 0.0578125 0.3953125
0 0.93046875 0.39140625 0.1390625 0.3546875
0 0.7640625 0.38984375 0.20625 0.3578125
0 0.5890625 0.4046875 0.20625 0.328125
0 0.46484375 0.4328125 0.1296875 0.271875
1 0.109375 0.6625 0.10625 0.1875
0 0.5640625 0.759375 0.21875 0.38125
0 0.80859375 0.77734375 0.2234375 0.4171875
0 0.95546875 0.76796875 0.0890625 0.3984375