2 0.1609375 0.1453125 0.05625 0.053125
0 0.146875 0.39296875 0.084375 0.5734375
3 0.49140625 0.46953125 0.021875 0.0390625
3 0.6484375 0.48203125 0.021875 0.0390625
3 0.65703125 0.46640625 0.0234375 0.0390625
3 0.43828125 0.1765625 0.01875 0.021875
1 0.23828125 0.34296875 0.0671875 0.1546875
1 0.27890625 0.240625 0.0515625 0.2703125
1 0.6375 0.56953125 0.0625 0.2203125
1 0.49140625 0.56328125 0.0609375 0.2328125
1 0.4203125 0.20703125 0.0546875 0.090625
1 0.64296875 0.56328125 0.0546875 0.2328125
1 0.81640625 0.87421875 0.1828125 0.2515625
1 0.5234375 0.846875 0.221875 0.30625
3 0.80234375 0.78125 0.0546875 0.059375
3 0.56328125 0.73203125 0.0515625 0.0671875