2 0.1515625 0.03828125 0.153125 0.0765625
0 0.2921875 0.1796875 0.465625 0.359375
0 0.55625 0.1796875 0.10625 0.359375
2 0.95390625 0.28359375 0.0546875 0.0359375
0 0.9484375 0.3078125 0.103125 0.103125
0 0.31796875 0.7375 0.0703125 0.3765625
0 0.1359375 0.73671875 0.059375 0.2296875
0 0.1234375 0.54453125 0.034375 0.11875
0 0.040625 0.525 0.0265625 0.1125
0 0.00703125 0.52578125 0.0140625 0.1078125
2 0.3140625 0.578125 0.0421875 0.05
2 0.140625 0.621875 0.025 0.0328125
2 0.13671875 0.509375 0.03125 0.025
2 0.0390625 0.47734375 0.0046875 0.0140625
2 0.00390625 0.484375 0.0078125 0.00625
0 0.8046875 0.6796875 0.390625 0.640625