2 0.409375 0.06328125 0.08125 0.1265625
2 0.27578125 0.26875 0.1328125 0.1484375
2 0.40078125 0.36796875 0.0984375 0.1234375
4 0.38984375 0.20625 0.1203125 0.209375
0 0.35390625 0.234375 0.1921875 0.46875
0 0.18046875 0.3171875 0.2921875 0.303125
0 0.31796875 0.38125 0.2640625 0.175
0 0.9078125 0.4265625 0.13125 0.084375
1 0.2171875 0.790625 0.434375 0.41875
4 0.21640625 0.865625 0.2390625 0.26875
3 0.25703125 0.6703125 0.1296875 0.134375
3 0.0375 0.665625 0.075 0.1375
2 0.74609375 0.68671875 0.115625 0.159375
2 0.8828125 0.7234375 0.128125 0.134375
0 0.6609375 0.7953125 0.35625 0.409375
0 0.8015625 0.82265625 0.353125 0.3546875