0 0.17109375 0.27265625 0.2734375 0.4546875
0 0.0796875 0.196875 0.159375 0.39375
0 0.2984375 0.284375 0.1265625 0.265625
0 0.42578125 0.2625 0.2078125 0.475
2 0.08671875 0.009375 0.0546875 0.01875
2 0.21875 0.09609375 0.096875 0.08125
2 0.303125 0.18515625 0.0578125 0.0390625
2 0.41953125 0.22265625 0.05625 0.05
2 0.465625 0.06875 0.109375 0.0765625
1 0.7015625 0.25 0.34375 0.5
0 0.0953125 0.75 0.1875 0.5
0 0.25390625 0.86796875 0.1578125 0.2640625
2 0.10234375 0.51328125 0.0578125 0.0265625
2 0.2609375 0.7625 0.059375 0.04375
2 0.621875 0.7890625 0.05625 0.0515625
2 0.68828125 0.7734375 0.0546875 0.0484375
2 0.79296875 0.78046875 0.0546875 0.0515625
2 0.95625 0.81171875 0.053125 0.0515625
0 0.934375 0.890625 0.13125 0.21875
0 0.78125 0.878125 0.15 0.24375
0 0.60390625 0.88125 0.1484375 0.2375
0 0.68671875 0.87578125 0.1234375 0.2484375