2 0.34453125 0.52265625 0.05 0.059375
2 0.4109375 0.54375 0.03125 0.034375
2 0.43984375 0.52578125 0.0359375 0.03125
2 0.4609375 0.54140625 0.0359375 0.034375
4 0.3359375 0.6125 0.1015625 0.1078125
4 0.44140625 0.59609375 0.078125 0.0953125
0 0.33515625 0.61875 0.1359375 0.2625
0 0.428125 0.62578125 0.103125 0.2484375
0 0.86875 0.45390625 0.2625 0.5921875
4 0.8734375 0.5453125 0.253125 0.409375
2 0.4984375 0.76875 0.06875 0.0375
0 0.18125 0.875 0.2875 0.25
0 0.35625 0.875 0.23125 0.25
0 0.47734375 0.875 0.1828125 0.25
0 0.5671875 0.875 0.103125 0.25
1 0.659375 0.9453125 0.08125 0.109375
1 0.83671875 0.9015625 0.0734375 0.196875
1 0.825 0.8671875 0.0546875 0.171875
1 0.62734375 0.83046875 0.0171875 0.1609375
3 0.95625 0.9796875 0.0375 0.040625
3 0.66640625 0.92109375 0.034375 0.0484375
3 0.83359375 0.8 0.021875 0.021875
3 0.62578125 0.765625 0.0140625 0.028125