2 0.11484375 0.359375 0.0734375 0.0390625
2 0.27890625 0.3328125 0.0859375 0.0546875
2 0.31875 0.3609375 0.046875 0.0453125
2 0.40546875 0.325 0.0609375 0.046875
2 0.5 0.36953125 0.0484375 0.034375
2 0.6046875 0.37890625 0.065625 0.0375
2 0.8203125 0.3921875 0.0640625 0.059375
2 0.8875 0.40703125 0.053125 0.0390625
0 0.1125 0.5328125 0.1140625 0.4140625
0 0.26875 0.60078125 0.16875 0.6265625
0 0.41015625 0.55 0.1109375 0.5546875
0 0.5 0.56796875 0.0984375 0.4546875
0 0.60234375 0.5734375 0.1109375 0.446875
0 0.81640625 0.59921875 0.1 0.4859375
0 0.8875 0.55546875 0.090625 0.35625