0 0.296875 0.12890625 0.128125 0.2578125
0 0.4609375 0.265625 0.1625 0.353125
2 0.4203125 0.1140625 0.0546875 0.0359375
2 0.27890625 0.01015625 0.0546875 0.0203125
0 0.7703125 0.3203125 0.175 0.378125
0 0.88671875 0.30546875 0.2265625 0.4078125
4 0.765625 0.38984375 0.11875 0.2390625
4 0.9015625 0.390625 0.140625 0.2375
2 0.759375 0.17421875 0.0921875 0.08125
2 0.8390625 0.16875 0.103125 0.1015625
1 0.22890625 0.7546875 0.4578125 0.490625
1 0.51015625 0.7546875 0.2578125 0.490625
3 0.1296875 0.534375 0.259375 0.05