0 0.3234375 0.29765625 0.290625 0.2640625
0 0.20078125 0.27421875 0.1796875 0.3109375
0 0.0625 0.39296875 0.125 0.0734375
0 0.41796875 0.33828125 0.1015625 0.1828125
2 0.05859375 0.39609375 0.059375 0.0640625
2 0.16640625 0.1484375 0.0578125 0.05
2 0.31796875 0.21640625 0.1 0.0859375
2 0.4203125 0.284375 0.059375 0.0421875
4 0.053125 0.76015625 0.10625 0.2578125
1 0.0953125 0.7578125 0.190625 0.484375
3 0.65625 0.965625 0.01875 0.015625
3 0.675 0.9609375 0.0234375 0.01875
3 0.69921875 0.92890625 0.015625 0.0125
3 0.73125 0.94375 0.01875 0.021875
1 0.7421875 0.9609375 0.05 0.078125
1 0.70703125 0.96015625 0.0453125 0.0796875
1 0.68203125 0.97421875 0.0546875 0.0515625
1 0.66640625 0.975 0.0453125 0.05