2 0.06015625 0.1625 0.0703125 0.046875
2 0.27578125 0.1453125 0.071875 0.0671875
2 0.34453125 0.15078125 0.0578125 0.0453125
0 0.03125 0.290625 0.0625 0.31875
0 0.08515625 0.28828125 0.1703125 0.3234375
0 0.30078125 0.2765625 0.1671875 0.346875
0 0.36484375 0.28203125 0.1390625 0.3359375
2 0.5265625 0.153125 0.0515625 0.0609375
2 0.59609375 0.15625 0.0328125 0.034375
2 0.61953125 0.13203125 0.0359375 0.0328125
2 0.64375 0.14140625 0.0375 0.0359375
4 0.54140625 0.2421875 0.103125 0.109375
4 0.6390625 0.19921875 0.0796875 0.096875
0 0.5515625 0.28125 0.1421875 0.3296875
0 0.640625 0.25234375 0.1078125 0.290625
0 0.0421875 0.721875 0.084375 0.54375
0 0.16640625 0.80703125 0.2578125 0.3859375
0 0.2765625 0.7484375 0.346875 0.503125
0 0.1875 0.653125 0.184375 0.40625
0 0.078125 0.70234375 0.15625 0.5046875
0 0.096875 0.6015625 0.103125 0.303125
2 0.07421875 0.46875 0.0578125 0.0375
2 0.16640625 0.65703125 0.09375 0.08125
2 0.2921875 0.6046875 0.14375 0.1609375