2 0.21796875 0.04609375 0.034375 0.03125
2 0.290625 0.27890625 0.028125 0.028125
2 0.4375 0.40546875 0.03125 0.028125
2 0.39140625 0.440625 0.025 0.028125
2 0.38046875 0.52265625 0.0515625 0.053125
2 0.46953125 0.50625 0.0328125 0.040625
2 0.50390625 0.553125 0.0328125 0.053125
2 0.78671875 0.40546875 0.0203125 0.015625
2 0.92109375 0.8859375 0.096875 0.096875
2 0.97578125 0.80625 0.0484375 0.059375
2 0.6515625 0.696875 0.0609375 0.0734375
2 0.5796875 0.65859375 0.0453125 0.059375
2 0.5390625 0.6453125 0.0484375 0.0484375
2 0.5953125 0.80234375 0.0546875 0.0765625
2 0.49453125 0.78984375 0.0515625 0.0671875
2 0.44296875 0.80234375 0.0609375 0.0546875
2 0.428125 0.75078125 0.0484375 0.04375
2 0.41875 0.66875 0.046875 0.0546875
2 0.39375 0.6328125 0.025 0.053125
2 0.22109375 0.74609375 0.0484375 0.040625
2 0.12265625 0.74609375 0.0578125 0.0453125
2 0.0171875 0.77421875 0.034375 0.0578125
0 0.26015625 0.1421875 0.1328125 0.2375
0 0.2953125 0.371875 0.096875 0.2171875
0 0.44453125 0.4625 0.0515625 0.140625
0 0.76953125 0.89453125 0.15625 0.2046875
0 0.6234375 0.88125 0.1265625 0.2375
0 0.50625 0.8734375 0.096875 0.246875
0 0.2515625 0.8109375 0.146875 0.1875