2 0.92421875 0.49296875 0.078125 0.0796875
2 0.8984375 0.41171875 0.0546875 0.053125
2 0.7859375 0.440625 0.046875 0.0484375
2 0.671875 0.43125 0.040625 0.034375
2 0.62578125 0.43515625 0.04375 0.03125
2 0.5625 0.43984375 0.0265625 0.03125
2 0.5390625 0.4546875 0.0734375 0.0375
2 0.33515625 0.41875 0.0765625 0.071875
0 0.93828125 0.72421875 0.1109375 0.5515625
0 0.78515625 0.634375 0.09375 0.440625
0 0.68046875 0.63515625 0.078125 0.446875
0 0.6171875 0.5703125 0.0515625 0.3
0 0.54140625 0.65546875 0.10625 0.459375
0 0.33515625 0.68984375 0.1671875 0.61875