0 0.0203125 0.3046875 0.040625 0.409375
0 0.05234375 0.3140625 0.1015625 0.390625
0 0.0921875 0.3078125 0.0859375 0.3484375
0 0.14140625 0.26015625 0.05 0.271875
0 0.2015625 0.28671875 0.053125 0.3234375
0 0.271875 0.2734375 0.078125 0.3234375
0 0.359375 0.265625 0.10625 0.325
0 0.43671875 0.2515625 0.0859375 0.33125
0 0.921875 0.2734375 0.11875 0.471875
0 0.828125 0.26640625 0.184375 0.4859375
0 0.5953125 0.2546875 0.23125 0.509375
2 0.89921875 0.0609375 0.0609375 0.06875
2 0.81015625 0.078125 0.075 0.084375
2 0.59609375 0.04375 0.090625 0.084375
0 0.328125 0.7546875 0.303125 0.490625
0 0.13671875 0.78984375 0.2734375 0.4203125
2 0.29375 0.60546875 0.1640625 0.1921875
2 0.12890625 0.68125 0.1515625 0.203125
4 0.36875 0.85390625 0.221875 0.2921875
0 0.93203125 0.7546875 0.1359375 0.490625
0 0.75234375 0.7546875 0.1484375 0.490625
0 0.5578125 0.7546875 0.14375 0.490625
0 0.64765625 0.7546875 0.1640625 0.490625