0 0.0703125 0.48125 0.140625 0.1375
0 0.1203125 0.49453125 0.16875 0.1109375
0 0.20078125 0.48203125 0.1140625 0.1359375
0 0.25078125 0.4890625 0.1453125 0.121875
0 0.328125 0.509375 0.13125 0.08125
0 0.41640625 0.47109375 0.1265625 0.1578125
0 0.04140625 0.4296875 0.0828125 0.240625
2 0.0125 0.32421875 0.025 0.0453125
2 0.05 0.33671875 0.034375 0.04375
2 0.1421875 0.46640625 0.059375 0.05625
2 0.36875 0.5015625 0.0546875 0.046875
2 0.446875 0.41875 0.0421875 0.0328125
0 0.96796875 0.275 0.0640625 0.55
0 0.93828125 0.275 0.1234375 0.55
1 0.55078125 0.775 0.3359375 0.45
1 0.07109375 0.83125 0.1421875 0.3375
3 0.034375 0.7359375 0.06875 0.1125
3 0.66796875 0.60625 0.1015625 0.0875
0 0.90546875 0.65234375 0.1546875 0.2046875
0 0.771875 0.7390625 0.10625 0.3625
2 0.78359375 0.59375 0.0578125 0.040625