2 0.1453125 0.1078125 0.1234375 0.128125
2 0.2953125 0.32109375 0.1296875 0.1453125
2 0.16484375 0.37734375 0.0984375 0.0453125
4 0.16328125 0.2546875 0.15625 0.20625
0 0.1765625 0.21953125 0.253125 0.3609375
3 0.65390625 0.25234375 0.0890625 0.0921875
1 0.63046875 0.30078125 0.2078125 0.1984375
2 0.1921875 0.753125 0.021875 0.0265625
2 0.15546875 0.7640625 0.0265625 0.0328125
2 0.2796875 0.7328125 0.025 0.0296875
2 0.36796875 0.70390625 0.0453125 0.0546875
0 0.00546875 0.84921875 0.0109375 0.1640625
0 0.09921875 0.840625 0.0703125 0.2
0 0.17265625 0.834375 0.059375 0.165625
0 0.20546875 0.83828125 0.0578125 0.20625
0 0.2890625 0.8125 0.059375 0.18125
0 0.35234375 0.8359375 0.0953125 0.31875
4 0.4546875 0.61015625 0.109375 0.1859375
4 0.54765625 0.70078125 0.125 0.2015625
4 0.81875 0.77265625 0.1484375 0.1609375
0 0.8171875 0.76953125 0.1765625 0.2046875
0 0.56484375 0.7484375 0.18125 0.4265625
0 0.471875 0.7203125 0.14375 0.528125