2 0.134375 0.153125 0.1015625 0.10625
2 0.26171875 0.18359375 0.09375 0.1015625
2 0.41484375 0.29375 0.1484375 0.2125
0 0.09921875 0.34375 0.1984375 0.55
0 0.2203125 0.35703125 0.25625 0.5234375
0 0.3671875 0.38359375 0.24375 0.4703125
3 0.91875 0.51015625 0.1625 0.1546875
3 0.72734375 0.446875 0.1046875 0.078125
1 0.7359375 0.2859375 0.1109375 0.1109375
1 0.84296875 0.5140625 0.3140625 0.209375
1 0.68359375 0.5078125 0.2265625 0.221875
1 0.9765625 0.51640625 0.046875 0.2046875
1 0.1546875 0.72265625 0.125 0.2078125
1 0.30859375 0.725 0.1390625 0.2125
1 0.38359375 0.72265625 0.1296875 0.2078125
1 0.4515625 0.72890625 0.075 0.2203125
1 0.44609375 0.71015625 0.0859375 0.1828125
0 0.71875 0.809375 0.459375 0.38125
2 0.684375 0.72109375 0.25 0.2046875