2 0.396875 0.37109375 0.065625 0.1203125
4 0.02421875 0.4234375 0.0484375 0.171875
4 0.39296875 0.4453125 0.0734375 0.128125
0 0.05390625 0.41328125 0.1078125 0.1921875
0 0.378125 0.41015625 0.103125 0.1984375
0 0.83203125 0.42265625 0.1578125 0.1734375
0 0.4546875 0.41171875 0.05 0.1953125
0 0.5234375 0.39375 0.16875 0.23125
0 0.73359375 0.428125 0.1390625 0.1625
0 0.61875 0.4109375 0.1375 0.196875
2 0.74453125 0.3859375 0.0546875 0.059375
2 0.653125 0.3515625 0.040625 0.0578125
0 0.9125 0.43828125 0.115625 0.1421875
4 0.3421875 0.8375 0.175 0.325
0 0.33359375 0.7546875 0.1921875 0.490625
4 0.665625 0.62421875 0.184375 0.2296875
1 0.66953125 0.7546875 0.2578125 0.490625