0 0.2234375 0.30546875 0.23125 0.1890625
0 0.38046875 0.28984375 0.1765625 0.2203125
2 0.375 0.23984375 0.1265625 0.103125
2 0.18984375 0.26640625 0.0921875 0.0859375
2 0.0078125 0.25859375 0.015625 0.0546875
3 0.83203125 0.04296875 0.046875 0.05
1 0.81953125 0.19375 0.1703125 0.375
0 0.115625 0.7 0.23125 0.6
0 0.4265625 0.525 0.084375 0.25
0 0.15 0.56796875 0.1875 0.3359375
2 0.32265625 0.4625 0.2015625 0.125
0 0.53125 0.7 0.125 0.6
0 0.75234375 0.58671875 0.4953125 0.3734375
2 0.5046875 0.45859375 0.071875 0.1171875