0 0.11328125 0.29921875 0.2265625 0.4796875
0 0.16953125 0.35078125 0.1953125 0.3765625
0 0.30390625 0.33046875 0.3234375 0.4171875
0 0.8765625 0.14140625 0.159375 0.2828125
2 0.91640625 0.0140625 0.0484375 0.028125
1 0.265625 0.90859375 0.346875 0.1828125
1 0.52421875 0.91015625 0.1890625 0.1796875
1 0.5046875 0.77265625 0.228125 0.2671875
3 0.3796875 0.90546875 0.1078125 0.1140625
3 0.4421875 0.79375 0.0953125 0.1140625
3 0.52421875 0.87421875 0.096875 0.103125
4 0.27734375 0.93984375 0.2234375 0.1203125
4 0.5640625 0.93984375 0.109375 0.1203125
4 0.53359375 0.7359375 0.1703125 0.175
1 0.809375 0.76953125 0.38125 0.4609375
3 0.95546875 0.7046875 0.0890625 0.25