2 0.01640625 0.01875 0.0328125 0.0375
2 0.25234375 0.00703125 0.0765625 0.0140625
0 0.05546875 0.21328125 0.1109375 0.4265625
0 0.13828125 0.20703125 0.1390625 0.4140625
0 0.1921875 0.13359375 0.09375 0.2671875
0 0.278125 0.21171875 0.16875 0.4234375
0 0.4609375 0.24453125 0.196875 0.4890625
2 0.68046875 0.025 0.0921875 0.05
2 0.86328125 0.225 0.0421875 0.05
4 0.6890625 0.159375 0.1734375 0.1765625
4 0.8671875 0.28515625 0.06875 0.0890625
0 0.69609375 0.24453125 0.2265625 0.4890625
0 0.8765625 0.309375 0.1 0.2296875
0 0.11796875 0.66640625 0.2359375 0.3546875
0 0.228125 0.840625 0.3125 0.31875
2 0.26171875 0.753125 0.109375 0.1078125
2 0.096875 0.5265625 0.1125 0.075
2 0.5296875 0.68046875 0.059375 0.0984375
0 0.59296875 0.74453125 0.0671875 0.5109375
0 0.65 0.74453125 0.134375 0.5109375
0 0.72890625 0.74453125 0.2671875 0.5109375
0 0.76484375 0.62421875 0.1046875 0.2703125
0 0.8859375 0.74453125 0.203125 0.5109375
0 0.921875 0.74453125 0.15625 0.5109375
2 0.6109375 0.515625 0.053125 0.053125