0 0.4140625 0.21953125 0.271875 0.4390625
0 0.17421875 0.21953125 0.3484375 0.4390625
2 0.95078125 0.09140625 0.0984375 0.1828125
2 0.64921875 0.05 0.1109375 0.1
0 0.79609375 0.21953125 0.4078125 0.4390625
4 0.8171875 0.046875 0.28125 0.09375
4 0.3734375 0.903125 0.353125 0.19375
3 0.33125 0.671875 0.18125 0.178125
1 0.32578125 0.76484375 0.4484375 0.4703125
1 0.621875 0.81953125 0.14375 0.3609375
1 0.74296875 0.8078125 0.1796875 0.384375
1 0.8265625 0.78359375 0.196875 0.4328125
1 0.88671875 0.796875 0.2015625 0.40625
1 0.97578125 0.7890625 0.0484375 0.421875
1 0.94296875 0.77578125 0.1140625 0.4484375
3 0.58515625 0.68984375 0.0703125 0.0765625
3 0.70546875 0.6453125 0.059375 0.0484375
3 0.80859375 0.6203125 0.0671875 0.0703125
3 0.865625 0.64453125 0.0640625 0.0796875