0 0.40078125 0.2 0.1578125 0.4
0 0.2875 0.2 0.346875 0.4
0 0.1265625 0.2 0.253125 0.4
0 0.58984375 0.2 0.2203125 0.4
0 0.68984375 0.2 0.2453125 0.4
0 0.83984375 0.2 0.2640625 0.4
0 0.93828125 0.19375 0.1234375 0.3875
4 0.56015625 0.09765625 0.1609375 0.1953125
4 0.821875 0.06015625 0.171875 0.1203125
4 0.95625 0.08515625 0.0875 0.1703125
4 0.6828125 0.06640625 0.2125 0.1328125
0 0.0953125 0.82734375 0.190625 0.3453125
2 0.03515625 0.7578125 0.0546875 0.0796875
0 0.8 0.528125 0.14375 0.25625
0 0.5421875 0.5234375 0.125 0.246875
2 0.52265625 0.41953125 0.0546875 0.0390625