2 0.1359375 0.53984375 0.03125 0.03125
4 0.13125 0.55234375 0.065625 0.0140625
4 0.3375 0.4984375 0.0484375 0.075
4 0.3625 0.5078125 0.034375 0.05
0 0.13359375 0.53671875 0.0671875 0.0453125
0 0.2734375 0.515625 0.059375 0.0875
0 0.33984375 0.49453125 0.0796875 0.1296875
0 0.36171875 0.5203125 0.0359375 0.078125
3 0.721875 0.08359375 0.2 0.1671875
3 0.965625 0.3046875 0.06875 0.1375
1 0.73046875 0.2796875 0.5390625 0.559375
1 0.93359375 0.39609375 0.1328125 0.3265625
1 0.11171875 0.596875 0.1765625 0.075
1 0.06015625 0.7796875 0.1203125 0.440625
0 0.775 0.7578125 0.38125 0.396875
0 0.60234375 0.79296875 0.2203125 0.4140625
2 0.578125 0.61953125 0.0515625 0.0375