0 0.56875 0.6484375 0.28125 0.18125
2 0.60859375 0.62109375 0.109375 0.09375
0 0.625 0.53359375 0.05625 0.071875
2 0.609375 0.51328125 0.028125 0.025
2 0.77578125 0.67265625 0.1328125 0.1328125
2 0.746875 0.6 0.075 0.171875
2 0.97109375 0.503125 0.0578125 0.2625
2 0.9625 0.11484375 0.075 0.2296875
0 0.85234375 0.10234375 0.2609375 0.2046875
0 0.80078125 0.6703125 0.1828125 0.1375
0 0.83125 0.6109375 0.24375 0.25625
0 0.74921875 0.45 0.0796875 0.453125
0 0.8546875 0.50390625 0.290625 0.4703125
2 0.20234375 0.7828125 0.1109375 0.0875
0 0.2296875 0.86953125 0.28125 0.2609375
0 0.51875 0.86953125 0.25625 0.2609375
0 0.6109375 0.86953125 0.196875 0.2609375
0 0.87734375 0.90546875 0.1234375 0.1890625
0 0.778125 0.890625 0.1375 0.21875
2 0.85859375 0.84765625 0.0515625 0.065625
2 0.7421875 0.81015625 0.040625 0.0390625