2 0.4296875 0.2921875 0.096875 0.140625
2 0.14765625 0.3328125 0.1140625 0.1125
2 0.1546875 0.4578125 0.1328125 0.140625
2 0.29921875 0.74296875 0.1265625 0.1828125
2 0.61796875 0.36953125 0.1046875 0.1578125
2 0.3515625 0.02734375 0.096875 0.0546875
4 0.81953125 0.4921875 0.1921875 0.3484375
4 0.6078125 0.44453125 0.1984375 0.290625
4 0.3984375 0.1453125 0.1734375 0.25
4 0.45703125 0.446875 0.1890625 0.2828125
4 0.18046875 0.68515625 0.1515625 0.28125
4 0.4859375 0.91328125 0.184375 0.1734375
4 0.31796875 0.84609375 0.2015625 0.1359375
0 0.2890625 0.32578125 0.2015625 0.2546875
0 0.47109375 0.7015625 0.5078125 0.415625
0 0.8328125 0.5203125 0.2109375 0.4421875
0 0.621875 0.55546875 0.1953125 0.553125
0 0.4515625 0.41875 0.1734375 0.4
0 0.34765625 0.13203125 0.3015625 0.25625
0 0.1671875 0.621875 0.165625 0.46875