2 0.071875 0.134375 0.084375 0.0640625
2 0.18828125 0.13671875 0.0640625 0.053125
2 0.26640625 0.1375 0.053125 0.0578125
2 0.39765625 0.11171875 0.0578125 0.0625
0 0.14140625 0.378125 0.2671875 0.603125
0 0.22265625 0.334375 0.1671875 0.48125
0 0.3046875 0.3234375 0.15 0.4609375
0 0.4015625 0.30625 0.075 0.453125
1 0.7734375 0.478125 0.415625 0.403125
1 0.6171875 0.2796875 0.35625 0.434375
3 0.78046875 0.3546875 0.178125 0.1125
3 0.66328125 0.13515625 0.1296875 0.1125
0 0.0921875 0.89921875 0.184375 0.2015625
0 0.21953125 0.83984375 0.4390625 0.3203125
0 0.0796875 0.83984375 0.159375 0.3203125
2 0.04453125 0.8421875 0.0890625 0.084375
2 0.16484375 0.7859375 0.1484375 0.1640625
1 0.56484375 0.83984375 0.2515625 0.3203125
1 0.7984375 0.75546875 0.309375 0.1515625
4 0.53046875 0.7671875 0.1828125 0.175