0 0.62109375 0.328125 0.1515625 0.4625
0 0.1390625 0.28359375 0.040625 0.5515625
0 0.48203125 0.28984375 0.1984375 0.5390625
0 0.2390625 0.30078125 0.15625 0.5171875
0 0.15390625 0.24765625 0.0703125 0.3953125
0 0.3453125 0.2546875 0.084375 0.3671875
0 0.39609375 0.2578125 0.0890625 0.3359375
2 0.646875 0.125 0.053125 0.0453125
2 0.52265625 0.0734375 0.06875 0.084375
2 0.26328125 0.0703125 0.0578125 0.0515625
2 0.40859375 0.096875 0.0390625 0.025
2 0.359375 0.0890625 0.03125 0.0375
2 0.13671875 0.096875 0.0359375 0.05625
1 0.63359375 0.825 0.4296875 0.35
3 0.64765625 0.74765625 0.096875 0.134375