0 0.13984375 0.19453125 0.2796875 0.3890625
0 0.34765625 0.215625 0.3078125 0.346875
0 0.44296875 0.25078125 0.1921875 0.2765625
0 0.4734375 0.20859375 0.13125 0.3609375
2 0.64296875 0.05859375 0.075 0.075
2 0.81328125 0.0734375 0.071875 0.0703125
0 0.70625 0.196875 0.3 0.384375
0 0.8578125 0.20859375 0.234375 0.3609375
3 0.70078125 0.6109375 0.090625 0.090625
3 0.90625 0.5640625 0.0390625 0.0375
1 0.7515625 0.778125 0.240625 0.44375
1 0.9359375 0.68984375 0.128125 0.2984375
1 0.54609375 0.71015625 0.0140625 0.1140625