2 0.015625 0.375 0.03125 0.09375
2 0.01328125 0.290625 0.0265625 0.0625
2 0.1109375 0.29765625 0.0546875 0.05625
2 0.22109375 0.2671875 0.046875 0.0421875
2 0.2671875 0.26171875 0.0484375 0.0390625
2 0.33046875 0.2546875 0.03125 0.0359375
2 0.35625 0.26484375 0.078125 0.05
2 0.54921875 0.190625 0.0890625 0.0859375
0 0.0609375 0.46640625 0.121875 0.2859375
0 0.14921875 0.4359375 0.1765625 0.346875
0 0.2515625 0.42578125 0.1625 0.3671875
0 0.3015625 0.39296875 0.1078125 0.3046875
0 0.39140625 0.4171875 0.1921875 0.384375
0 0.60078125 0.37265625 0.2828125 0.4734375
1 0.88984375 0.3046875 0.0796875 0.609375
3 0.1453125 0.91328125 0.234375 0.1734375
1 0.27265625 0.90078125 0.5453125 0.1984375
3 0.584375 0.94296875 0.1234375 0.06875
3 0.67109375 0.9125 0.0796875 0.0703125
3 0.7484375 0.9328125 0.06875 0.0796875
3 0.7765625 0.8953125 0.0578125 0.059375
3 0.825 0.87265625 0.0390625 0.03125
1 0.69921875 0.93203125 0.1921875 0.1359375
1 0.76484375 0.94609375 0.1203125 0.1078125
1 0.7921875 0.92734375 0.115625 0.1453125
0 0.925 0.8046875 0.15 0.390625
4 0.925 0.8546875 0.15 0.290625