2 0.45390625 0.1890625 0.0421875 0.05
4 0.30625 0.08203125 0.175 0.1640625
4 0.440625 0.2484375 0.0703125 0.0890625
0 0.2859375 0.184375 0.234375 0.36875
0 0.44140625 0.2640625 0.1046875 0.209375
0 0.8875 0.25625 0.225 0.225
0 0.7109375 0.2328125 0.2625 0.271875
0 0.1234375 0.684375 0.246875 0.63125
2 0.1015625 0.4203125 0.203125 0.103125
2 0.6328125 0.72578125 0.0453125 0.040625
2 0.678125 0.73671875 0.0484375 0.0375
2 0.73984375 0.75078125 0.03125 0.034375
2 0.7609375 0.76953125 0.078125 0.0484375
2 0.96171875 0.76484375 0.0765625 0.0828125
0 0.62265625 0.84921875 0.0859375 0.3015625
0 0.66484375 0.859375 0.0984375 0.28125
0 0.72734375 0.865625 0.1765625 0.26875
0 0.896875 0.85703125 0.20625 0.2859375