0 0.43671875 0.33515625 0.5046875 0.4296875
0 0.1515625 0.27734375 0.303125 0.5453125
2 0.38203125 0.25625 0.146875 0.1375
2 0.10390625 0.121875 0.2078125 0.2375
3 0.9328125 0.196875 0.04375 0.034375
3 0.84296875 0.225 0.0328125 0.03125
4 0.88359375 0.2640625 0.1109375 0.0796875
4 0.9609375 0.24765625 0.078125 0.0890625
1 0.884375 0.2890625 0.1203125 0.1796875
1 0.95546875 0.2625 0.0890625 0.190625
2 0.05078125 0.61484375 0.1015625 0.1296875
2 0.3546875 0.6671875 0.1046875 0.1296875
4 0.1125 0.8640625 0.225 0.271875
4 0.40703125 0.84765625 0.24375 0.25
0 0.17890625 0.775 0.3578125 0.45
0 0.465625 0.78671875 0.415625 0.4265625
0 0.84453125 0.775 0.3109375 0.45
0 0.73828125 0.77890625 0.0984375 0.4421875
2 0.8359375 0.57265625 0.134375 0.0453125
2 0.74140625 0.58359375 0.1046875 0.0671875