0 0.0640625 0.340625 0.128125 0.61875
0 0.21796875 0.325 0.3015625 0.65
2 0.93125 0.27734375 0.1375 0.2234375
2 0.96015625 0.1125 0.078125 0.090625
2 0.84765625 0.084375 0.0734375 0.0828125
0 0.91484375 0.39609375 0.1703125 0.5078125
0 0.865625 0.26484375 0.1640625 0.428125
0 0.7765625 0.1765625 0.096875 0.2734375
0 0.69453125 0.15390625 0.090625 0.2359375
0 0.984375 0.06640625 0.03125 0.1328125
4 0.7734375 0.1375 0.0609375 0.1234375
4 0.84296875 0.20078125 0.090625 0.171875
4 0.68671875 0.1203125 0.059375 0.090625
4 0.18125 0.8625 0.3625 0.275
1 0.184375 0.825 0.36875 0.35
1 0.73046875 0.825 0.5390625 0.35