4 0.41328125 0.19140625 0.3515625 0.3546875
0 0.36796875 0.184375 0.4421875 0.36875
0 0.7703125 0.184375 0.340625 0.36875
2 0.57578125 0.63046875 0.0265625 0.0703125
2 0.3984375 0.6578125 0.065625 0.0515625
2 0.31484375 0.665625 0.0796875 0.0640625
2 0.21796875 0.65703125 0.0546875 0.046875
2 0.08125 0.675 0.071875 0.05625
0 0.53359375 0.7984375 0.1109375 0.403125
0 0.28046875 0.8171875 0.2421875 0.365625
0 0.4109375 0.815625 0.109375 0.36875
0 0.21640625 0.79453125 0.1203125 0.328125
0 0.0765625 0.81328125 0.153125 0.3734375
4 0.54453125 0.86640625 0.0890625 0.2671875
4 0.31171875 0.86796875 0.1359375 0.2640625
4 0.40625 0.83203125 0.0703125 0.20625
4 0.0859375 0.86171875 0.10625 0.2328125
4 0.20859375 0.80078125 0.0765625 0.1671875
2 0.97734375 0.475 0.0375 0.04375
2 0.9921875 0.62421875 0.015625 0.0484375
0 0.98515625 0.66875 0.0296875 0.15625
0 0.97109375 0.56796875 0.0578125 0.2421875