2 0.0828125 0.25546875 0.165625 0.1546875
2 0.23515625 0.22109375 0.1609375 0.1375
2 0.29296875 0.32734375 0.1859375 0.13125
4 0.36015625 0.36875 0.2390625 0.1625
0 0.10234375 0.3 0.2046875 0.3
0 0.32109375 0.33828125 0.3171875 0.2234375
1 0.76484375 0.225 0.4703125 0.45
1 0.57890625 0.225 0.1984375 0.45
3 0.0859375 0.66875 0.0234375 0.028125
3 0.04453125 0.68984375 0.0328125 0.034375
3 0.00390625 0.6828125 0.0078125 0.03125
4 0.10078125 0.7390625 0.0609375 0.096875
4 0.05703125 0.76796875 0.05625 0.1015625
4 0.01484375 0.76328125 0.0296875 0.0984375
1 0.10859375 0.759375 0.06875 0.225
1 0.05625 0.76875 0.0765625 0.2171875
1 0.0203125 0.76875 0.040625 0.221875
0 0.615625 0.840625 0.271875 0.31875
0 0.85 0.76171875 0.3 0.4765625
2 0.53671875 0.79296875 0.1140625 0.2015625
2 0.86015625 0.68046875 0.2796875 0.2828125