2 0.0578125 0.25 0.115625 0.109375
2 0.2125 0.31171875 0.0953125 0.090625
2 0.28515625 0.34453125 0.05 0.040625
2 0.29921875 0.390625 0.06875 0.065625
2 0.4453125 0.3828125 0.0734375 0.08125
2 0.4875 0.30234375 0.04375 0.1546875
0 0.1546875 0.36796875 0.24375 0.2234375
0 0.275 0.4015625 0.19375 0.15625
0 0.4046875 0.40390625 0.196875 0.1515625
3 0.625 0.20859375 0.0921875 0.065625
3 0.66015625 0.24140625 0.053125 0.0515625
3 0.75078125 0.21796875 0.0671875 0.0546875
3 0.83828125 0.27578125 0.053125 0.040625
3 0.940625 0.29921875 0.0703125 0.046875
1 0.60703125 0.31484375 0.1953125 0.3296875
1 0.7234375 0.31875 0.1875 0.321875
1 0.81015625 0.359375 0.1609375 0.240625
1 0.9109375 0.37109375 0.171875 0.2171875
4 0.30546875 0.7765625 0.3078125 0.446875
0 0.31015625 0.73984375 0.3984375 0.5203125
1 0.7 0.73984375 0.38125 0.5203125