2 0.2796875 0.0109375 0.028125 0.021875
2 0.27734375 0.08984375 0.05625 0.0578125
2 0.3640625 0.0640625 0.0375 0.04375
2 0.3921875 0.10625 0.015625 0.05625
2 0.36796875 0.36171875 0.0640625 0.0609375
2 0.3484375 0.31171875 0.053125 0.0484375
2 0.33046875 0.23125 0.053125 0.059375
2 0.30234375 0.19765625 0.0296875 0.0546875
2 0.1421875 0.32890625 0.053125 0.0453125
2 0.04453125 0.3390625 0.0625 0.0515625
0 0.1765625 0.03046875 0.11875 0.0609375
0 0.334375 0.04765625 0.065625 0.0953125
0 0.178125 0.37421875 0.165625 0.1703125
2 0.89453125 0.36953125 0.2109375 0.1703125
0 0.82265625 0.35078125 0.3546875 0.2171875
1 0.28359375 0.8375 0.2328125 0.325
4 0.29609375 0.92578125 0.2078125 0.1484375
3 0.3234375 0.7453125 0.1484375 0.1296875
0 0.78515625 0.78828125 0.3984375 0.4234375
0 0.57421875 0.84140625 0.3484375 0.3171875
2 0.71171875 0.7046875 0.1796875 0.2046875
2 0.5546875 0.79453125 0.1671875 0.2140625
4 0.83125 0.89453125 0.290625 0.2109375