2 0.33046875 0.02421875 0.0609375 0.0484375
0 0.3671875 0.14453125 0.2125 0.2890625
3 0.51953125 0.1640625 0.0609375 0.1375
1 0.74453125 0.14453125 0.5109375 0.2890625
1 0.58984375 0.18671875 0.2015625 0.2046875
2 0.0640625 0.58125 0.0609375 0.053125
2 0.2015625 0.578125 0.078125 0.065625
0 0.1109375 0.7765625 0.221875 0.446875
0 0.08671875 0.7171875 0.16875 0.3421875
0 0.26875 0.75546875 0.290625 0.4890625
4 0.046875 0.8140625 0.09375 0.3
4 0.2265625 0.76328125 0.140625 0.2453125
4 0.0953125 0.721875 0.1015625 0.1765625
0 0.91484375 0.684375 0.1703125 0.63125
2 0.903125 0.434375 0.103125 0.109375
0 0.5859375 0.64453125 0.19375 0.6453125
4 0.9328125 0.6171875 0.134375 0.284375
4 0.53125 0.52109375 0.084375 0.2515625