0 0.9734375 0.49765625 0.053125 0.7453125
0 0.6546875 0.678125 0.1125 0.328125
0 0.5859375 0.7 0.1109375 0.3421875
0 0.5140625 0.64375 0.0609375 0.315625
0 0.45703125 0.68046875 0.08125 0.3765625
0 0.378125 0.68359375 0.0765625 0.3296875
0 0.30546875 0.58515625 0.0734375 0.3140625
0 0.76640625 0.56484375 0.0703125 0.3015625
0 0.7140625 0.546875 0.0796875 0.2625
2 0.75703125 0.43203125 0.046875 0.0375
2 0.7046875 0.43515625 0.028125 0.0390625
2 0.59140625 0.546875 0.0515625 0.0484375
2 0.3625 0.5421875 0.0484375 0.0390625
2 0.3 0.44765625 0.0390625 0.0265625