0 0.08359375 0.14453125 0.1671875 0.2890625
0 0.21796875 0.14453125 0.3078125 0.2890625
0 0.434375 0.14453125 0.321875 0.2890625
0 0.58671875 0.14453125 0.2859375 0.2890625
0 0.840625 0.14453125 0.221875 0.2890625
0 0.94140625 0.14453125 0.1171875 0.2890625
0 0.07421875 0.7203125 0.1484375 0.559375
0 0.10078125 0.68359375 0.090625 0.40625
0 0.18359375 0.746875 0.1796875 0.50625
0 0.27734375 0.74296875 0.2484375 0.5140625
0 0.51640625 0.73828125 0.3078125 0.5234375
0 0.66171875 0.81171875 0.1359375 0.3765625
0 0.709375 0.82421875 0.040625 0.3515625
2 0.05390625 0.51015625 0.1078125 0.1171875
2 0.2359375 0.52421875 0.065625 0.0734375
2 0.3234375 0.54921875 0.08125 0.090625
2 0.53984375 0.53359375 0.096875 0.0921875
2 0.69921875 0.66328125 0.053125 0.0484375
2 0.11015625 0.53125 0.0359375 0.0859375
0 0.86484375 0.58359375 0.2703125 0.5890625
4 0.85546875 0.61484375 0.25 0.4078125