0 0.10625 0.2640625 0.2125 0.528125
2 0.0859375 0.009375 0.121875 0.01875
2 0.25078125 0.015625 0.0640625 0.03125
0 0.1890625 0.16953125 0.159375 0.3390625
0 0.25859375 0.1265625 0.0953125 0.253125
0 0.28046875 0.10703125 0.0765625 0.2140625
1 0.603125 0.26484375 0.1875 0.5296875
1 0.96796875 0.22109375 0.0640625 0.4421875
1 0.88671875 0.2109375 0.2015625 0.421875
1 0.77734375 0.171875 0.1359375 0.34375
1 0.70078125 0.12109375 0.1046875 0.2421875
1 0.4125 0.17265625 0.14375 0.3453125
1 0.3578125 0.12109375 0.078125 0.2421875
1 0.46171875 0.1 0.0703125 0.2
1 0.5359375 0.13125 0.08125 0.2625
1 0.64453125 0.16171875 0.1078125 0.3234375
0 0.159375 0.76484375 0.31875 0.4703125
0 0.9453125 0.67109375 0.109375 0.2828125
0 0.9328125 0.61015625 0.128125 0.1609375
0 0.81875 0.66484375 0.2125 0.2703125
0 0.69140625 0.7265625 0.2109375 0.39375
0 0.50859375 0.74140625 0.2015625 0.4234375
0 0.58203125 0.659375 0.1453125 0.259375