2 0.51171875 0.0671875 0.1171875 0.134375
2 0.6765625 0.48125 0.084375 0.2
2 0.33828125 0.16328125 0.128125 0.171875
4 0.1578125 0.315625 0.24375 0.3734375
4 0.36015625 0.23515625 0.2421875 0.31875
4 0.509375 0.2140625 0.23125 0.3078125
4 0.553125 0.6046875 0.209375 0.05
4 0.65859375 0.56640625 0.1203125 0.1265625
0 0.62734375 0.1046875 0.1828125 0.209375
0 0.48515625 0.42578125 0.4671875 0.4078125
0 0.14921875 0.3453125 0.2765625 0.46875
0 0.36328125 0.34453125 0.2796875 0.5703125
0 0.509375 0.1984375 0.234375 0.396875
0 0.7515625 0.3703125 0.065625 0.51875
0 0.8609375 0.42109375 0.278125 0.4171875
0 0.92890625 0.378125 0.1421875 0.503125
2 0.8484375 0.29375 0.1765625 0.1546875
2 0.97578125 0.18984375 0.0484375 0.1203125
3 0.1140625 0.80859375 0.096875 0.08125
3 0.21875 0.9765625 0.090625 0.046875
1 0.14375 0.88046875 0.259375 0.2390625