2 0.23671875 0.42734375 0.1734375 0.1984375
2 0.30234375 0.81640625 0.178125 0.2390625
2 0.28984375 0.67421875 0.1453125 0.1515625
2 0.60234375 0.8578125 0.2015625 0.2640625
2 0.63046875 0.63046875 0.140625 0.24375
2 0.73046875 0.37265625 0.1703125 0.184375
2 0.6765625 0.2390625 0.146875 0.21875
2 0.85859375 0.140625 0.146875 0.1578125
2 0.940625 0.328125 0.11875 0.15625
2 0.9546875 0.72734375 0.090625 0.275
0 0.5265625 0.14765625 0.2171875 0.2953125
0 0.2828125 0.84921875 0.2984375 0.3015625
0 0.34296875 0.79375 0.3015625 0.4125
0 0.25546875 0.51640625 0.23125 0.421875
0 0.4578125 0.6375 0.2484375 0.5046875
0 0.80234375 0.80859375 0.203125 0.375
0 0.77578125 0.55546875 0.1984375 0.5578125