2 0.19140625 0.36640625 0.11875 0.0890625
0 0.1859375 0.41640625 0.290625 0.2265625
0 0.86171875 0.3828125 0.2046875 0.29375
0 0.7328125 0.334375 0.21875 0.390625
2 0.765625 0.20859375 0.0578125 0.05
2 0.84765625 0.32890625 0.053125 0.078125
0 0.2125 0.925 0.25625 0.15
0 0.10390625 0.81171875 0.2078125 0.3765625
0 0.29375 0.65625 0.2375 0.171875
0 0.46015625 0.946875 0.0796875 0.10625
0 0.42734375 0.95703125 0.1453125 0.0859375
2 0.33046875 0.63203125 0.090625 0.075
2 0.24375 0.89921875 0.0859375 0.06875
2 0.42109375 0.959375 0.0828125 0.0640625
2 0.12265625 0.80703125 0.103125 0.0828125
2 0.46796875 0.92421875 0.0640625 0.0578125
2 0.90234375 0.59140625 0.1109375 0.1234375
0 0.828125 0.76484375 0.328125 0.4703125
0 0.9046875 0.765625 0.190625 0.46875