2 0.60625 0.509375 0.0859375 0.046875
2 0.45390625 0.73671875 0.0359375 0.0453125
2 0.28359375 0.753125 0.0265625 0.028125
4 0.6171875 0.64765625 0.153125 0.15625
4 0.4578125 0.796875 0.0578125 0.08125
4 0.29375 0.78515625 0.059375 0.04375
4 0.078125 0.74375 0.0375 0.0703125
4 0.04296875 0.76015625 0.053125 0.0421875
0 0.62265625 0.7390625 0.1546875 0.521875
0 0.45234375 0.82265625 0.0703125 0.221875
0 0.29375 0.80625 0.04375 0.153125
0 0.14921875 0.78125 0.0375 0.1453125
0 0.07890625 0.771875 0.053125 0.1859375
0 0.0421875 0.778125 0.0546875 0.0828125