0 0.234375 0.484375 0.140625 0.15
0 0.3046875 0.4890625 0.140625 0.140625
0 0.371875 0.465625 0.0875 0.1875
0 0.4125 0.465625 0.075 0.1875
0 0.1140625 0.440625 0.096875 0.2375
0 0.16328125 0.4390625 0.1015625 0.240625
2 0.11171875 0.3421875 0.05 0.0421875
2 0.1640625 0.340625 0.03125 0.040625
2 0.28671875 0.4421875 0.05625 0.053125
2 0.759375 0.0265625 0.0625 0.053125
2 0.721875 0.05859375 0.0578125 0.0609375
4 0.81640625 0.15625 0.1109375 0.21875
4 0.73984375 0.1921875 0.1046875 0.1859375
0 0.79296875 0.2796875 0.2390625 0.559375
0 0.76640625 0.2796875 0.153125 0.5296875
1 0.209375 0.59375 0.109375 0.06875
1 0.29375 0.58671875 0.1 0.0546875