0 0.21484375 0.121875 0.4296875 0.24375
2 0.4015625 0.15 0.05625 0.165625
0 0.68984375 0.16640625 0.1609375 0.3328125
0 0.79296875 0.1984375 0.1796875 0.396875
0 0.92265625 0.22265625 0.1546875 0.4453125
3 0.34609375 0.775 0.096875 0.0890625
3 0.07578125 0.7828125 0.15 0.1296875
3 0.01484375 0.79609375 0.0296875 0.0546875
3 0.15546875 0.83359375 0.109375 0.0890625
1 0.34453125 0.859375 0.1703125 0.28125
1 0.2578125 0.88828125 0.28125 0.2234375
1 0.15625 0.85546875 0.3125 0.2890625
1 0.03671875 0.87578125 0.0734375 0.2234375
0 0.7734375 0.765625 0.453125 0.39375