2 0.32578125 0.26796875 0.146875 0.1109375
0 0.34140625 0.25 0.2546875 0.2
1 0.92890625 0.175 0.1421875 0.35
1 0.41171875 0.553125 0.0953125 0.40625
1 0.2546875 0.72578125 0.1890625 0.4421875
1 0.1125 0.6796875 0.1296875 0.20625
3 0.27109375 0.54609375 0.0921875 0.0984375
3 0.440625 0.384375 0.046875 0.0609375
3 0.078125 0.609375 0.0609375 0.0625
1 0.89609375 0.76328125 0.0984375 0.4734375
1 0.7671875 0.74140625 0.146875 0.5171875
1 0.63515625 0.74609375 0.0734375 0.5078125
1 0.5203125 0.696875 0.103125 0.60625