2 0.50390625 0.06328125 0.1265625 0.1265625
0 0.11640625 0.2796875 0.2328125 0.559375
0 0.4453125 0.19609375 0.253125 0.3921875
2 0.90234375 0.1953125 0.1953125 0.159375
0 0.825 0.3328125 0.35 0.453125
2 0.3171875 0.56484375 0.046875 0.0109375
2 0.478125 0.60625 0.028125 0.034375
2 0.5125 0.58671875 0.05 0.0546875
0 0.18828125 0.7796875 0.2296875 0.440625
0 0.2609375 0.7796875 0.16875 0.440625
0 0.303125 0.76015625 0.128125 0.4015625
0 0.4171875 0.7796875 0.2125 0.440625
0 0.54453125 0.7796875 0.2109375 0.440625
0 0.615625 0.7796875 0.06875 0.440625
0 0.784375 0.73125 0.26875 0.34375