0 0.4875 0.11796875 0.14375 0.2359375
0 0.35234375 0.4171875 0.1984375 0.125
2 0.30859375 0.40703125 0.065625 0.0875
0 0.94765625 0.17109375 0.1046875 0.3421875
0 0.88203125 0.0734375 0.0859375 0.146875
2 0.96875 0.0328125 0.0546875 0.05625
4 0.98359375 0.153125 0.0328125 0.175
4 0.875 0.01875 0.0625 0.0375
0 0.02265625 0.6828125 0.0453125 0.40625
0 0.43203125 0.6609375 0.2546875 0.3625
2 0.38828125 0.51484375 0.1734375 0.0703125
2 0.9109375 0.61796875 0.0328125 0.0296875
2 0.95859375 0.65078125 0.0265625 0.0296875
2 0.97265625 0.73125 0.0546875 0.05625
2 0.88359375 0.7203125 0.034375 0.0421875
2 0.85234375 0.76875 0.0359375 0.0546875
2 0.565625 0.63515625 0.0125 0.0171875
2 0.71171875 0.9203125 0.0640625 0.0765625
2 0.78203125 0.878125 0.0484375 0.0609375
2 0.821875 0.8625 0.0515625 0.0515625
2 0.7734375 0.99140625 0.059375 0.0171875
2 0.87265625 0.984375 0.0546875 0.03125
2 0.92578125 0.99296875 0.0640625 0.0140625
2 0.93828125 0.9625 0.05 0.046875
2 0.94296875 0.8796875 0.05 0.0578125
2 0.96640625 0.84296875 0.028125 0.0546875
0 0.90625 0.675 0.059375 0.14375