0 0.0140625 0.178125 0.028125 0.23125
0 0.4484375 0.275 0.090625 0.3203125
0 0.34375 0.0765625 0.065625 0.153125
0 0.1390625 0.04609375 0.04375 0.0921875
0 0.15234375 0.03203125 0.0421875 0.0640625
2 0.42890625 0.14609375 0.034375 0.0484375
2 0.34609375 0.01015625 0.0234375 0.0203125
0 0.871875 0.39453125 0.209375 0.4296875
0 0.69296875 0.41171875 0.1328125 0.3953125
0 0.62890625 0.42265625 0.1328125 0.3734375
0 0.5515625 0.42578125 0.084375 0.3671875
1 0.34765625 0.8046875 0.3234375 0.390625
0 0.62265625 0.92265625 0.1421875 0.1546875
2 0.7453125 0.97578125 0.0546875 0.0390625
2 0.59921875 0.87421875 0.05625 0.034375