0 0.278125 0.2 0.403125 0.4
2 0.25 0.08671875 0.1375 0.15625
4 0.2640625 0.28359375 0.209375 0.2328125
0 0.59765625 0.2 0.2359375 0.4
0 0.77578125 0.2 0.2734375 0.4
0 0.9296875 0.19453125 0.140625 0.3890625
0 0.19609375 0.8171875 0.3921875 0.365625
2 0.10859375 0.71796875 0.159375 0.1265625
0 0.9515625 0.6609375 0.096875 0.521875
0 0.60078125 0.7765625 0.2421875 0.446875
0 0.54453125 0.52109375 0.1296875 0.2421875
0 0.9046875 0.5078125 0.190625 0.215625
0 0.78828125 0.50078125 0.1265625 0.2015625
2 0.965625 0.45703125 0.06875 0.1140625
2 0.6453125 0.47578125 0.0578125 0.059375
2 0.5953125 0.4203125 0.0625 0.040625
2 0.57578125 0.628125 0.1859375 0.140625
2 0.79140625 0.41875 0.0546875 0.0375