0 0.1046875 0.37421875 0.209375 0.1109375
2 0.1046875 0.37734375 0.209375 0.1046875
2 0.90234375 0.13515625 0.1734375 0.2140625
2 0.58515625 0.03671875 0.0953125 0.0734375
2 0.33515625 0.15 0.05625 0.0625
2 0.24375 0.109375 0.06875 0.06875
0 0.896875 0.23125 0.20625 0.396875
0 0.70625 0.21484375 0.3875 0.4296875
0 0.31953125 0.2171875 0.1203125 0.21875
0 0.2421875 0.190625 0.065625 0.234375
4 0.76171875 0.05390625 0.2609375 0.1078125
2 0.06640625 0.49453125 0.1046875 0.0984375
0 0.08125 0.73046875 0.1625 0.5390625
4 0.08515625 0.71640625 0.1515625 0.29375
2 0.81875 0.61015625 0.2375 0.215625
0 0.83984375 0.7484375 0.3203125 0.503125