2 0.14453125 0.034375 0.2328125 0.06875
0 0.23359375 0.1796875 0.4671875 0.359375
0 0.90859375 0.1046875 0.1828125 0.209375
0 0.66171875 0.12421875 0.2421875 0.2484375
0 0.33671875 0.82890625 0.2546875 0.3421875
0 0.08828125 0.86015625 0.1765625 0.2796875
0 0.19609375 0.82421875 0.2515625 0.3515625
0 0.0890625 0.728125 0.11875 0.2546875
0 0.18671875 0.6296875 0.08125 0.1078125
0 0.26875 0.6375 0.0734375 0.0859375
0 0.64921875 0.74921875 0.2390625 0.5015625
0 0.8609375 0.7359375 0.278125 0.528125
0 0.8078125 0.74296875 0.29375 0.5140625
2 0.8421875 0.559375 0.1421875 0.1453125
2 0.73125 0.5953125 0.071875 0.0578125
2 0.5609375 0.559375 0.0625 0.103125
2 0.7796875 0.53828125 0.0828125 0.071875