0 0.328125 0.3046875 0.18125 0.609375
2 0.3515625 0.02890625 0.078125 0.0578125
2 0.7734375 0.2984375 0.115625 0.103125
2 0.9515625 0.33359375 0.096875 0.1109375
4 0.77265625 0.50703125 0.1796875 0.2046875
4 0.9421875 0.51015625 0.115625 0.1984375
0 0.771875 0.425 0.20625 0.36875
0 0.9328125 0.43203125 0.134375 0.3546875
0 0.07421875 0.8046875 0.1484375 0.390625
0 0.21640625 0.8046875 0.1484375 0.390625
0 0.3265625 0.8046875 0.184375 0.390625
4 0.06015625 0.67109375 0.1203125 0.1234375
4 0.21328125 0.7078125 0.1046875 0.196875
4 0.34921875 0.72265625 0.1265625 0.2265625