0 0.3453125 0.39140625 0.26875 0.3359375
0 0.23046875 0.18046875 0.4140625 0.3609375
2 0.4125 0.2875 0.134375 0.0875
2 0.35625 0.05 0.1171875 0.096875
0 0.64453125 0.4609375 0.2484375 0.196875
0 0.8921875 0.46015625 0.215625 0.1984375
3 0.07578125 0.61953125 0.1265625 0.1203125
3 0.1515625 0.73125 0.0921875 0.0890625
3 0.03515625 0.72890625 0.0703125 0.0984375
3 0.3015625 0.66953125 0.1125 0.1125
3 0.4171875 0.73671875 0.10625 0.0734375
1 0.07734375 0.7796875 0.1546875 0.440625
1 0.1484375 0.8453125 0.109375 0.309375
1 0.29765625 0.8078125 0.1765625 0.384375
1 0.03125 0.840625 0.0625 0.31875
1 0.41796875 0.7890625 0.1234375 0.421875
1 0.41171875 0.85 0.1046875 0.3
1 0.64921875 0.82109375 0.3390625 0.3578125