4 0.7375 0.07890625 0.315625 0.1578125
0 0.71171875 0.24453125 0.4796875 0.4890625
0 0.1046875 0.91328125 0.209375 0.1734375
0 0.27890625 0.8578125 0.1796875 0.284375
0 0.259375 0.9546875 0.140625 0.090625
2 0.3109375 0.82421875 0.115625 0.2015625
2 0.059375 0.89453125 0.11875 0.1234375
2 0.26640625 0.95078125 0.08125 0.0734375
4 0.0890625 0.97109375 0.178125 0.0578125
2 0.91328125 0.78125 0.1734375 0.228125
2 0.62421875 0.59140625 0.1140625 0.2015625
2 0.378125 0.73828125 0.01875 0.0671875
0 0.8765625 0.83828125 0.246875 0.3234375
0 0.7265625 0.74453125 0.446875 0.5109375
0 0.38671875 0.80234375 0.0359375 0.2265625
4 0.8 0.6203125 0.284375 0.2625