2 0.215625 0.43515625 0.021875 0.025
0 0.06875 0.46796875 0.084375 0.1640625
0 0.203125 0.46796875 0.065625 0.096875
0 0.94453125 0.275 0.1109375 0.55
0 0.92421875 0.275 0.1515625 0.55
0 0.42265625 0.878125 0.3328125 0.24375
0 0.20859375 0.9203125 0.3453125 0.159375
2 0.53125 0.87890625 0.175 0.1515625
2 0.325 0.8328125 0.159375 0.1171875
2 0.1046875 0.9140625 0.14375 0.1140625
2 0.0546875 0.834375 0.109375 0.109375
2 0.0234375 0.8703125 0.046875 0.09375
0 0.840625 0.775 0.31875 0.45
0 0.91484375 0.775 0.1703125 0.45