2 0.03671875 0.075 0.0734375 0.096875
2 0.10390625 0.0640625 0.0921875 0.115625
2 0.24765625 0.0359375 0.1328125 0.071875
2 0.45625 0.06875 0.196875 0.1375
0 0.3984375 0.26484375 0.340625 0.5296875
0 0.19375 0.26484375 0.3875 0.5296875
0 0.1140625 0.246875 0.21875 0.471875
0 0.053125 0.17734375 0.10625 0.3140625
2 0.5859375 0.11015625 0.034375 0.0671875
0 0.35859375 0.8953125 0.2203125 0.209375
0 0.09765625 0.85625 0.1953125 0.2875
0 0.19140625 0.884375 0.1578125 0.23125
0 0.26953125 0.9109375 0.1203125 0.178125
0 0.5203125 0.9125 0.096875 0.175
0 0.50703125 0.92734375 0.0828125 0.1453125
0 0.43203125 0.92421875 0.0953125 0.1515625
0 0.32265625 0.9125 0.1265625 0.175
2 0.9140625 0.5390625 0.08125 0.01875
0 0.6234375 0.70546875 0.109375 0.3515625
0 0.65546875 0.7484375 0.1734375 0.4375
0 0.73984375 0.70703125 0.1703125 0.3546875
0 0.87109375 0.76484375 0.2046875 0.4703125