2 0.21015625 0.41484375 0.103125 0.096875
2 0.2859375 0.38828125 0.075 0.1140625
2 0.303125 0.1421875 0.0578125 0.084375
2 0.4234375 0.209375 0.075 0.09375
2 0.478125 0.115625 0.0609375 0.06875
2 0.7140625 0.09453125 0.0625 0.065625
2 0.79296875 0.38515625 0.09375 0.06875
2 0.88515625 0.57421875 0.140625 0.1078125
2 0.6046875 0.6234375 0.13125 0.1703125
2 0.3734375 0.771875 0.1578125 0.2375
4 0.17734375 0.68671875 0.153125 0.3328125
0 0.61171875 0.15078125 0.034375 0.1390625
0 0.1859375 0.68203125 0.178125 0.6359375
0 0.325 0.82890625 0.25625 0.3421875
0 0.63125 0.77109375 0.259375 0.4546875
0 0.828125 0.76015625 0.3359375 0.4765625
0 0.7875 0.4890625 0.2484375 0.2765625
0 0.7375 0.24921875 0.128125 0.378125
0 0.46640625 0.2484375 0.125 0.340625
0 0.46796875 0.465625 0.1484375 0.2953125
0 0.284375 0.26640625 0.1203125 0.340625
2 0.4765625 0.35859375 0.0796875 0.0625