0 0.875 0.72109375 0.25 0.5578125
2 0.89453125 0.49453125 0.1109375 0.1015625
2 0.0703125 0.896875 0.0109375 0.0125
2 0.05234375 0.896875 0.0078125 0.0125
2 0.31953125 0.89765625 0.0171875 0.0140625
2 0.3390625 0.8953125 0.021875 0.015625
2 0.3671875 0.8671875 0.0140625 0.0109375
2 0.396875 0.8859375 0.015625 0.0203125
0 0.40234375 0.93125 0.0328125 0.1265625
0 0.36796875 0.9203125 0.0296875 0.1171875
0 0.33984375 0.94296875 0.0390625 0.1140625
0 0.3234375 0.9421875 0.0296875 0.115625
0 0.071875 0.93046875 0.028125 0.0859375
0 0.0484375 0.9328125 0.0296875 0.0984375