0 0.484375 0.209375 0.26875 0.41875
2 0.90390625 0.3390625 0.078125 0.0796875
2 0.71171875 0.3609375 0.0203125 0.0125
0 0.91171875 0.3578125 0.1421875 0.121875
0 0.7125 0.384375 0.040625 0.06875
0 0.03671875 0.8125 0.0734375 0.375
0 0.07890625 0.8171875 0.1203125 0.365625
0 0.25625 0.7984375 0.15625 0.403125
0 0.1515625 0.7953125 0.103125 0.409375
0 0.378125 0.7953125 0.1375 0.409375
0 0.50546875 0.8046875 0.0984375 0.390625
2 0.00546875 0.64765625 0.0109375 0.0765625
2 0.05546875 0.6734375 0.0578125 0.0734375
2 0.14921875 0.6390625 0.065625 0.0734375
2 0.24140625 0.61796875 0.0859375 0.065625
2 0.36328125 0.628125 0.084375 0.0703125
2 0.5109375 0.646875 0.0546875 0.053125
0 0.671875 0.84375 0.10625 0.3125
2 0.6546875 0.71015625 0.05625 0.0390625