0 0.3546875 0.19609375 0.1015625 0.3203125
0 0.6296875 0.30078125 0.11875 0.3890625
0 0.54140625 0.09296875 0.0796875 0.1859375
0 0.53046875 0.05234375 0.0609375 0.1046875
0 0.3109375 0.02734375 0.071875 0.0546875
2 0.6578125 0.15234375 0.040625 0.071875
2 0.37109375 0.0671875 0.0359375 0.05
0 0.9328125 0.28828125 0.134375 0.4828125
0 0.87265625 0.2578125 0.1296875 0.4171875
0 0.76171875 0.26640625 0.1453125 0.4421875
0 0.7171875 0.228125 0.05625 0.396875
4 0.26640625 0.85546875 0.3328125 0.2890625
0 0.259375 0.76484375 0.48125 0.4703125
0 0.7390625 0.88671875 0.1 0.2265625