0 0.18046875 0.26796875 0.3609375 0.3828125
0 0.315625 0.1484375 0.36875 0.296875
2 0.14765625 0.1546875 0.178125 0.1125
0 0.6046875 0.2296875 0.209375 0.459375
2 0.5796875 0.046875 0.11875 0.09375
2 0.4140625 0.64296875 0.0578125 0.04375
2 0.3421875 0.59140625 0.0671875 0.0546875
0 0.31171875 0.7421875 0.178125 0.3953125
0 0.40703125 0.80078125 0.1640625 0.3734375
2 0.56171875 0.6796875 0.1234375 0.15625
2 0.73828125 0.54765625 0.1234375 0.1765625
0 0.5703125 0.7765625 0.140625 0.446875
0 0.71484375 0.7296875 0.2578125 0.540625