2 0.03203125 0.2875 0.0640625 0.0984375
2 0.12265625 0.2703125 0.0765625 0.0890625
2 0.24609375 0.21640625 0.071875 0.0953125
2 0.32421875 0.18671875 0.1453125 0.1234375
2 0.5375 0.303125 0.103125 0.14375
2 0.6359375 0.30625 0.115625 0.096875
2 0.68671875 0.27109375 0.0625 0.0546875
2 0.7859375 0.29921875 0.0921875 0.10625
2 0.934375 0.25234375 0.0953125 0.096875
0 0.08046875 0.6171875 0.1609375 0.7578125
0 0.13515625 0.603125 0.1484375 0.7578125
0 0.25078125 0.553125 0.134375 0.771875
0 0.33046875 0.5625 0.2828125 0.875
0 0.5625 0.61796875 0.221875 0.7640625
0 0.6625 0.628125 0.1796875 0.7359375
0 0.790625 0.625 0.165625 0.75
0 0.93359375 0.6015625 0.1328125 0.796875
0 0.68125 0.42734375 0.071875 0.3703125