2 0.41796875 0.2515625 0.0234375 0.1
0 0.33125 0.38984375 0.196875 0.3984375
0 0.46953125 0.1484375 0.0796875 0.296875
0 0.52109375 0.31953125 0.1828125 0.4796875
2 0.90546875 0.0234375 0.1390625 0.046875
2 0.5359375 0.1234375 0.0828125 0.0609375
2 0.65859375 0.24296875 0.11875 0.1234375
2 0.771875 0.24921875 0.1109375 0.0859375
0 0.91953125 0.29453125 0.1609375 0.5890625
0 0.871875 0.29453125 0.25625 0.5890625
0 0.753125 0.39375 0.20625 0.390625
0 0.62734375 0.3828125 0.2546875 0.4125
2 0.06796875 0.85078125 0.1359375 0.1453125
2 0.22734375 0.971875 0.1015625 0.05625
0 0.221875 0.9546875 0.184375 0.090625
0 0.1046875 0.8671875 0.209375 0.265625
0 0.72109375 0.79453125 0.3609375 0.4109375
2 0.7140625 0.64921875 0.153125 0.11875