2 0.025 0.09765625 0.05 0.1859375
2 0.22265625 0.2171875 0.1859375 0.2546875
4 0.3703125 0.14140625 0.11875 0.2828125
0 0.35 0.215625 0.159375 0.43125
0 0.27734375 0.26640625 0.2953125 0.3671875
0 0.06171875 0.228125 0.1234375 0.44375
0 0.09140625 0.03984375 0.1828125 0.0796875
0 0.58515625 0.35625 0.1859375 0.1875
0 0.80390625 0.38515625 0.1515625 0.1296875
0 0.96640625 0.3015625 0.0671875 0.296875
2 0.9671875 0.2 0.065625 0.0875
2 0.7609375 0.34609375 0.0625 0.05
2 0.54921875 0.29609375 0.06875 0.0453125
0 0.11640625 0.7953125 0.2328125 0.409375
2 0.07421875 0.64921875 0.0828125 0.0796875
0 0.51953125 0.725 0.1796875 0.55