2 0.48515625 0.1953125 0.0484375 0.109375
2 0.378125 0.08984375 0.14375 0.1546875
2 0.32109375 0.22109375 0.103125 0.1
2 0.4359375 0.20234375 0.0859375 0.10625
2 0.16328125 0.18046875 0.1265625 0.1265625
2 0.05859375 0.26328125 0.1140625 0.0875
0 0.4 0.2890625 0.21875 0.559375
0 0.3640625 0.37109375 0.2 0.3953125
0 0.21015625 0.3421875 0.2765625 0.453125
0 0.45546875 0.359375 0.1078125 0.41875
0 0.1015625 0.334375 0.203125 0.46875
0 0.0859375 0.39453125 0.159375 0.3484375
0 0.02265625 0.328125 0.0453125 0.35625
0 0.58046875 0.31171875 0.1421875 0.5140625
0 0.69765625 0.25390625 0.146875 0.4203125
0 0.76875 0.27109375 0.146875 0.4484375
0 0.85 0.215625 0.128125 0.3734375
0 0.92109375 0.2359375 0.1578125 0.471875
0 0.96953125 0.228125 0.0609375 0.45
0 0.38671875 0.784375 0.2453125 0.43125
2 0.5640625 0.59140625 0.109375 0.0453125
0 0.5921875 0.784375 0.165625 0.43125
0 0.775 0.784375 0.40625 0.43125
0 0.93828125 0.78046875 0.1234375 0.4234375