0 0.0296875 0.14921875 0.059375 0.2984375
0 0.12421875 0.234375 0.2484375 0.46875
0 0.1625 0.03828125 0.15625 0.0765625
0 0.40546875 0.234375 0.4265625 0.46875
0 0.26484375 0.14921875 0.1453125 0.2984375
0 0.578125 0.234375 0.08125 0.46875
0 0.5046875 0.16953125 0.228125 0.3390625
2 0.63515625 0.36640625 0.0328125 0.0453125
0 0.65546875 0.3984375 0.0734375 0.140625
2 0.0453125 0.73203125 0.090625 0.2046875
2 0.06875 0.94921875 0.1375 0.1015625
2 0.40234375 0.8984375 0.1484375 0.203125
2 0.49296875 0.66015625 0.1765625 0.190625
2 0.43359375 0.55390625 0.1546875 0.1703125
0 0.28046875 0.53125 0.2265625 0.125
0 0.1390625 0.94140625 0.278125 0.1171875
0 0.07265625 0.80234375 0.1453125 0.3953125
0 0.2296875 0.8390625 0.265625 0.321875
0 0.52734375 0.7796875 0.1828125 0.440625
2 0.690625 0.49609375 0.08125 0.0546875
2 0.90078125 0.5953125 0.0578125 0.040625
0 0.7125 0.734375 0.178125 0.53125
0 0.91015625 0.63984375 0.084375 0.1375