2 0.38046875 0.49375 0.0171875 0.015625
2 0.3625 0.49453125 0.0234375 0.01875
2 0.33125 0.4703125 0.015625 0.0125
2 0.30390625 0.4921875 0.01875 0.021875
0 0.30390625 0.52109375 0.0484375 0.0953125
0 0.3359375 0.515625 0.04375 0.10625
0 0.36484375 0.52578125 0.0484375 0.0859375
0 0.37578125 0.52421875 0.0265625 0.0890625
0 0.93203125 0.284375 0.1359375 0.56875
0 0.6390625 0.284375 0.490625 0.56875
4 0.61171875 0.146875 0.225 0.2671875
1 0.08046875 0.784375 0.1609375 0.43125
1 0.33515625 0.784375 0.1078125 0.43125
1 0.21953125 0.784375 0.2765625 0.43125
0 0.7703125 0.784375 0.459375 0.43125
2 0.86015625 0.6203125 0.134375 0.1015625