0 0.51015625 0.05546875 0.1046875 0.1109375
2 0.96171875 0.1515625 0.0671875 0.0828125
0 0.9296875 0.29375 0.140625 0.371875
0 0.69296875 0.271875 0.09375 0.278125
2 0.6796875 0.15078125 0.046875 0.034375
0 0.41640625 0.91015625 0.0859375 0.1796875
0 0.1328125 0.93828125 0.103125 0.1234375
0 0.2359375 0.8453125 0.06875 0.2296875
0 0.24921875 0.79375 0.0515625 0.171875
0 0.471875 0.75859375 0.0640625 0.165625
2 0.01015625 0.9390625 0.0203125 0.059375
2 0.115625 0.9203125 0.0359375 0.071875
2 0.40703125 0.85078125 0.034375 0.0484375
2 0.24140625 0.7265625 0.021875 0.021875
2 0.45546875 0.69609375 0.0234375 0.028125
2 0.72265625 0.65625 0.0859375 0.1125
2 0.59296875 0.8296875 0.0484375 0.13125
4 0.71015625 0.86640625 0.2015625 0.2671875
0 0.74765625 0.7859375 0.3046875 0.428125