2 0.321875 0.3828125 0.0859375 0.096875
2 0.43828125 0.2578125 0.1234375 0.1375
2 0.51484375 0.378125 0.090625 0.0859375
2 0.3984375 0.37734375 0.0703125 0.096875
2 0.6640625 0.31328125 0.1109375 0.1109375
2 0.78046875 0.37890625 0.1046875 0.071875
2 0.8890625 0.3171875 0.1125 0.11875
2 0.9453125 0.27890625 0.109375 0.115625
0 0.315625 0.66328125 0.0984375 0.665625
0 0.43515625 0.59453125 0.1609375 0.8109375
0 0.5171875 0.66796875 0.0984375 0.659375
0 0.66640625 0.62890625 0.1640625 0.734375
0 0.3921875 0.5375 0.0671875 0.4140625
0 0.865625 0.60859375 0.26875 0.7734375
0 0.77890625 0.540625 0.0984375 0.3953125
0 0.88671875 0.42734375 0.1171875 0.3421875