2 0.2890625 0.03984375 0.125 0.0796875
2 0.365625 0.0375 0.0875 0.075
0 0.046875 0.2796875 0.09375 0.559375
0 0.12578125 0.2796875 0.2515625 0.559375
0 0.25234375 0.2796875 0.3140625 0.559375
0 0.3125 0.2796875 0.19375 0.559375
0 0.378125 0.16640625 0.0625 0.3328125
0 0.7875 0.46953125 0.096875 0.1796875
0 0.90234375 0.5078125 0.1390625 0.103125
0 0.6671875 0.46328125 0.1 0.1921875
2 0.58046875 0.5515625 0.0703125 0.015625
2 0.94453125 0.50546875 0.0421875 0.065625
0 0.10625 0.91640625 0.2125 0.1671875
0 0.5921875 0.7796875 0.184375 0.440625
0 0.70234375 0.7796875 0.2453125 0.440625
0 0.78828125 0.7796875 0.2015625 0.440625
0 0.9140625 0.7796875 0.171875 0.440625
0 0.86015625 0.7796875 0.1953125 0.440625
2 0.8 0.575 0.06875 0.03125