2 0.43359375 0.20546875 0.1328125 0.2078125
2 0.0609375 0.1984375 0.121875 0.196875
0 0.375 0.31171875 0.25 0.4359375
0 0.1078125 0.31328125 0.215625 0.4328125
0 0.8625 0.41015625 0.21875 0.2390625
0 0.56328125 0.39296875 0.1265625 0.2734375
0 0.64921875 0.415625 0.1296875 0.228125
0 0.72265625 0.42265625 0.1046875 0.2140625
0 0.40546875 0.76484375 0.1890625 0.4703125
0 0.52734375 0.7453125 0.0546875 0.43125
0 0.6078125 0.76484375 0.215625 0.4703125
0 0.71171875 0.76484375 0.2109375 0.4703125
0 0.834375 0.76484375 0.20625 0.4703125
0 0.9265625 0.76484375 0.146875 0.4703125