0 0.225 0.22109375 0.45 0.4171875
0 0.13515625 0.303125 0.1734375 0.253125
2 0.2265625 0.1328125 0.1546875 0.1875
2 0.153125 0.26015625 0.0703125 0.128125
0 0.775 0.325 0.303125 0.209375
0 0.59375 0.24765625 0.2875 0.3640625
2 0.6609375 0.28046875 0.14375 0.0875
2 0.83671875 0.2828125 0.1078125 0.084375
0 0.26171875 0.7171875 0.3765625 0.565625
0 0.10234375 0.71484375 0.2046875 0.5703125
2 0.02578125 0.5359375 0.0515625 0.2125
2 0.35703125 0.565625 0.1859375 0.240625
0 0.6734375 0.68671875 0.446875 0.5140625
4 0.71015625 0.53671875 0.3015625 0.2140625