0 0.0734375 0.47734375 0.05 0.2265625
0 0.5171875 0.6296875 0.053125 0.3171875
0 0.8078125 0.6890625 0.0640625 0.3828125
0 0.93359375 0.75703125 0.1046875 0.4859375
0 0.6828125 0.47578125 0.0453125 0.2265625
0 0.6640625 0.4265625 0.034375 0.16875
0 0.4390625 0.41484375 0.046875 0.1609375
0 0.24140625 0.34375 0.028125 0.1328125
0 0.25625 0.325 0.028125 0.1171875
2 0.93203125 0.54453125 0.0453125 0.0546875
2 0.81015625 0.53828125 0.0296875 0.06875
2 0.51328125 0.49921875 0.0296875 0.0453125
2 0.66484375 0.35859375 0.0203125 0.0203125
2 0.44921875 0.35078125 0.0203125 0.0265625
2 0.0796875 0.3890625 0.021875 0.03125
2 0.25546875 0.27890625 0.0125 0.0125
2 0.24296875 0.2921875 0.0171875 0.0125