0 0.184375 0.41015625 0.23125 0.1984375
0 0.390625 0.3328125 0.1375 0.353125
0 0.37578125 0.43125 0.1046875 0.15625
2 0.40234375 0.24609375 0.1140625 0.1703125
2 0.15 0.3671875 0.11875 0.1078125
2 0.36875 0.38984375 0.071875 0.0625
4 0.18046875 0.46796875 0.2109375 0.0828125
0 0.57890625 0.34921875 0.1671875 0.3203125
0 0.33671875 0.80625 0.2453125 0.3875
2 0.40859375 0.68359375 0.1 0.075
0 0.54140625 0.7546875 0.1640625 0.490625
0 0.95 0.77890625 0.1 0.4421875
0 0.87890625 0.79140625 0.0921875 0.4171875
0 0.7984375 0.77421875 0.1375 0.4515625
0 0.72890625 0.7703125 0.1203125 0.459375
0 0.65234375 0.77421875 0.0984375 0.4515625
2 0.9796875 0.60234375 0.040625 0.0671875
2 0.884375 0.60859375 0.0375 0.05
2 0.80234375 0.590625 0.0515625 0.071875
2 0.715625 0.57890625 0.0421875 0.059375
2 0.5515625 0.534375 0.121875 0.05
2 0.66484375 0.60390625 0.0671875 0.0859375