2 0.4109375 0.1390625 0.0453125 0.053125
2 0.17578125 0.1671875 0.046875 0.053125
2 0.19765625 0.00859375 0.0421875 0.0171875
0 0.2390625 0.34765625 0.1734375 0.421875
0 0.41015625 0.2421875 0.0984375 0.2625
0 0.20546875 0.07265625 0.0953125 0.1453125
0 0.6125 0.53984375 0.090625 0.2390625
0 0.52109375 0.5546875 0.1203125 0.209375
2 0.60078125 0.503125 0.04375 0.04375
2 0.50859375 0.471875 0.046875 0.04375
4 0.434375 0.828125 0.05 0.303125
2 0.425 0.68984375 0.06875 0.0609375
0 0.37890625 0.8296875 0.1609375 0.340625
0 0.9140625 0.7453125 0.171875 0.171875
0 0.69453125 0.8296875 0.2453125 0.340625