0 0.29453125 0.2890625 0.09375 0.1703125
0 0.23984375 0.28984375 0.1171875 0.196875
0 0.190625 0.3265625 0.1234375 0.21875
0 0.13828125 0.371875 0.2015625 0.284375
0 0.065625 0.38828125 0.13125 0.3015625
0 0.825 0.31796875 0.15 0.4421875
0 0.73984375 0.31640625 0.1421875 0.4453125
0 0.690625 0.30078125 0.13125 0.4765625
0 0.55546875 0.2859375 0.1734375 0.50625
0 0.4734375 0.3046875 0.046875 0.46875
2 0.76328125 0.1421875 0.0671875 0.0921875
3 0.71484375 0.8859375 0.0703125 0.0671875
3 0.86953125 0.90703125 0.0734375 0.084375
1 0.875 0.93046875 0.203125 0.1390625
1 0.67421875 0.92109375 0.2609375 0.1578125