0 0.86171875 0.70546875 0.1390625 0.5328125
0 0.753125 0.64375 0.084375 0.3828125
0 0.909375 0.66171875 0.08125 0.4609375
0 0.66328125 0.61796875 0.084375 0.3625
0 0.58515625 0.6140625 0.06875 0.33125
0 0.48984375 0.60703125 0.1140625 0.4109375
0 0.30625 0.68203125 0.1171875 0.446875
0 0.1296875 0.265625 0.1890625 0.4671875
2 0.11953125 0.06953125 0.065625 0.0609375
2 0.3234375 0.4859375 0.0546875 0.0484375
2 0.51640625 0.47421875 0.0359375 0.040625
2 0.57890625 0.478125 0.034375 0.0421875
2 0.64921875 0.4671875 0.046875 0.04375
2 0.75703125 0.4796875 0.053125 0.0421875
2 0.86015625 0.475 0.071875 0.065625