2 0.21171875 0.16953125 0.0859375 0.0875
2 0.32578125 0.2671875 0.08125 0.090625
2 0.4234375 0.22109375 0.078125 0.0828125
2 0.5828125 0.24296875 0.084375 0.078125
2 0.70703125 0.17734375 0.071875 0.0734375
2 0.85078125 0.2453125 0.08125 0.0890625
4 0.8671875 0.5171875 0.14375 0.3359375
4 0.72109375 0.4703125 0.1546875 0.328125
4 0.5765625 0.51484375 0.14375 0.2953125
4 0.42421875 0.5 0.1515625 0.34375
4 0.33359375 0.57890625 0.15 0.3875
4 0.1984375 0.45546875 0.1625 0.3421875
0 0.8671875 0.5984375 0.15 0.803125
0 0.725 0.5703125 0.15 0.859375
0 0.58125 0.60234375 0.146875 0.7953125
0 0.42578125 0.5890625 0.16875 0.821875
0 0.1984375 0.56171875 0.1703125 0.8765625
0 0.35 0.60859375 0.159375 0.7828125