0 0.034375 0.06328125 0.06875 0.1265625
0 0.090625 0.05546875 0.096875 0.1109375
0 0.1859375 0.05625 0.096875 0.1125
0 0.24375 0.05234375 0.05 0.1046875
0 0.165625 0.0390625 0.0875 0.078125
0 0.559375 0.18046875 0.11875 0.3171875
0 0.6953125 0.16953125 0.153125 0.3390625
0 0.940625 0.18046875 0.11875 0.3171875
0 0.84375 0.1859375 0.059375 0.30625
0 0.79453125 0.1921875 0.0671875 0.29375
2 0.5640625 0.046875 0.0484375 0.0421875
2 0.69296875 0.02578125 0.0640625 0.0515625
2 0.9515625 0.04609375 0.0546875 0.0484375
2 0.8046875 0.0515625 0.0375 0.0234375
2 0.85390625 0.0515625 0.0296875 0.0359375
0 0.134375 0.68125 0.26875 0.6375
2 0.18125 0.49765625 0.175 0.1609375
2 0.940625 0.40390625 0.11875 0.1296875
2 0.43515625 0.4296875 0.1890625 0.18125
2 0.67109375 0.56328125 0.1375 0.1515625
4 0.37578125 0.78984375 0.2140625 0.4203125
4 0.9046875 0.8203125 0.190625 0.359375
4 0.6359375 0.94296875 0.253125 0.1140625
0 0.40390625 0.66953125 0.2703125 0.6609375
0 0.64296875 0.740625 0.2640625 0.51875
0 0.9 0.66953125 0.2 0.6609375