2 0.45546875 0.2453125 0.0359375 0.034375
2 0.61796875 0.2078125 0.0390625 0.028125
2 0.7109375 0.22109375 0.0296875 0.0265625
4 0.67734375 0.26640625 0.1015625 0.0640625
4 0.58984375 0.2640625 0.0828125 0.0765625
4 0.39453125 0.26953125 0.0859375 0.0703125
4 0.2359375 0.253125 0.1015625 0.0859375
0 0.68046875 0.29140625 0.0953125 0.1671875
0 0.59453125 0.27890625 0.084375 0.1796875
0 0.4109375 0.284375 0.140625 0.1171875
0 0.23671875 0.26953125 0.10625 0.1546875
2 0.8890625 0.8046875 0.04375 0.0328125
2 0.93828125 0.80625 0.05 0.040625
2 0.9515625 0.846875 0.0484375 0.0359375
2 0.8640625 0.8296875 0.0578125 0.034375
4 0.85078125 0.89921875 0.1015625 0.0921875
4 0.93984375 0.90859375 0.0765625 0.0953125
0 0.8328125 0.90546875 0.1296875 0.1859375
0 0.94140625 0.9125 0.0765625 0.175
0 0.92734375 0.86796875 0.071875 0.1671875
0 0.85859375 0.84609375 0.096875 0.215625