0 0.15 0.171875 0.3 0.34375
0 0.2625 0.3015625 0.075 0.603125
2 0.82421875 0.475 0.0328125 0.03125
2 0.903125 0.53203125 0.0515625 0.046875
2 0.6796875 0.321875 0.05 0.05
2 0.58359375 0.33203125 0.04375 0.0453125
0 0.92265625 0.54921875 0.1046875 0.1203125
4 0.8453125 0.54921875 0.0703125 0.1015625
0 0.71875 0.44140625 0.19375 0.3359375
0 0.6125 0.46015625 0.146875 0.2984375
0 0.5421875 0.52734375 0.10625 0.1640625
0 0.8453125 0.525 0.115625 0.16875
0 0.15 0.8046875 0.3 0.390625
2 0.65234375 0.9453125 0.0609375 0.0546875
2 0.465625 0.9671875 0.0625 0.065625
2 0.33828125 0.97109375 0.0765625 0.0578125