0 0.14453125 0.234375 0.2890625 0.46875
0 0.67421875 0.33203125 0.3015625 0.2734375
0 0.92578125 0.3171875 0.1484375 0.303125
0 0.88515625 0.12109375 0.2140625 0.2421875
2 0.77109375 0.2609375 0.0984375 0.1046875
2 0.821875 0.14453125 0.084375 0.1078125
2 0.91171875 0.215625 0.0890625 0.0953125
4 0.68203125 0.36171875 0.1984375 0.2140625
4 0.9578125 0.3140625 0.084375 0.190625
4 0.91015625 0.078125 0.1640625 0.15625
0 0.0578125 0.85 0.115625 0.3
0 0.1984375 0.84921875 0.18125 0.3015625
2 0.2203125 0.75390625 0.121875 0.0984375
2 0.03828125 0.75078125 0.0765625 0.0828125
0 0.5421875 0.76328125 0.178125 0.4734375
2 0.58359375 0.56796875 0.0578125 0.0625