0 0.82734375 0.32109375 0.3453125 0.5171875
4 0.83671875 0.528125 0.3265625 0.103125
2 0.371875 0.59609375 0.0875 0.0328125
2 0.103125 0.5953125 0.084375 0.03125
4 0.07734375 0.8328125 0.1546875 0.334375
4 0.225 0.79375 0.165625 0.3328125
4 0.36796875 0.84375 0.1546875 0.3
4 0.49453125 0.8296875 0.1109375 0.340625
0 0.08203125 0.78984375 0.1640625 0.4203125
0 0.21796875 0.78984375 0.1796875 0.4203125
0 0.359375 0.78984375 0.175 0.4203125
0 0.48359375 0.78984375 0.1328125 0.4203125
0 0.91875 0.78984375 0.1625 0.4203125