0 0.17890625 0.26484375 0.3578125 0.5296875
0 0.35078125 0.26484375 0.1359375 0.5296875
4 0.14453125 0.31171875 0.2171875 0.4359375
4 0.3828125 0.33046875 0.071875 0.3984375
2 0.11875 0.046875 0.125 0.09375
2 0.3609375 0.0515625 0.115625 0.103125
2 0.46796875 0.0578125 0.0875 0.0875
0 0.7890625 0.26484375 0.421875 0.5296875
0 0.53359375 0.265625 0.2296875 0.528125
0 0.05703125 0.87109375 0.1140625 0.2578125
2 0.14453125 0.78125 0.04375 0.040625
0 0.48203125 0.65546875 0.1265625 0.2515625
0 0.55234375 0.81171875 0.2671875 0.3765625
0 0.94140625 0.78046875 0.1171875 0.4390625
0 0.91953125 0.6171875 0.1609375 0.175
2 0.571875 0.6953125 0.1078125 0.10625
2 0.94921875 0.62578125 0.1015625 0.1078125
2 0.84765625 0.6265625 0.071875 0.096875