2 0.61796875 0.14609375 0.0234375 0.0453125
2 0.571875 0.1671875 0.046875 0.0390625
2 0.5015625 0.153125 0.0359375 0.0390625
2 0.44453125 0.17109375 0.0359375 0.040625
0 0.60859375 0.25859375 0.0421875 0.2828125
0 0.22890625 0.36875 0.134375 0.3
0 0.37578125 0.32265625 0.1484375 0.296875
0 0.4453125 0.29609375 0.1390625 0.2875
0 0.54140625 0.28359375 0.134375 0.2703125
0 0.59140625 0.26875 0.0765625 0.25
0 0.51484375 0.2578125 0.125 0.2640625
0 0.884375 0.284375 0.23125 0.56875
0 0.846875 0.325 0.30625 0.4875
2 0.81015625 0.15625 0.1375 0.1296875
0 0.50078125 0.76328125 0.2578125 0.3890625
0 0.16015625 0.78046875 0.2859375 0.4234375
0 0.34296875 0.7765625 0.3234375 0.415625
0 0.09140625 0.68125 0.1359375 0.225
2 0.68671875 0.76796875 0.1140625 0.1171875
2 0.72265625 0.72421875 0.071875 0.065625
2 0.825 0.7328125 0.1109375 0.121875
2 0.95234375 0.65859375 0.0953125 0.1140625
0 0.7390625 0.84609375 0.21875 0.3078125
0 0.77734375 0.85 0.2953125 0.3
0 0.86953125 0.83359375 0.2609375 0.3328125
0 0.94296875 0.7984375 0.1140625 0.403125
0 0.746875 0.84453125 0.140625 0.3109375