0 0.059375 0.26484375 0.11875 0.5296875
0 0.10234375 0.2125 0.2046875 0.425
0 0.18359375 0.26484375 0.3328125 0.5296875
0 0.3046875 0.15625 0.171875 0.3125
0 0.3625 0.24296875 0.153125 0.4859375
4 0.86796875 0.26484375 0.2640625 0.5296875
0 0.80703125 0.26484375 0.3859375 0.5296875
2 0.0328125 0.6578125 0.065625 0.221875
2 0.21796875 0.7828125 0.1421875 0.15625
0 0.06171875 0.77421875 0.1234375 0.4515625
0 0.22109375 0.84921875 0.2890625 0.3015625
0 0.3921875 0.76484375 0.09375 0.4703125
4 0.4890625 0.703125 0.1 0.346875
4 0.59375 0.678125 0.19375 0.296875
4 0.81015625 0.7484375 0.2421875 0.4375
4 0.93984375 0.678125 0.1203125 0.296875
0 0.58125 0.76484375 0.240625 0.4703125
0 0.79609375 0.753125 0.2359375 0.446875
0 0.94140625 0.76484375 0.1171875 0.4703125