4 0.1609375 0.00859375 0.096875 0.0171875
0 0.44609375 0.01875 0.1234375 0.0375
0 0.35859375 0.02265625 0.1140625 0.0453125
0 0.1796875 0.02890625 0.159375 0.0578125
0 0.03515625 0.04375 0.0703125 0.0875
4 0.74296875 0.22734375 0.2078125 0.325
0 0.7953125 0.2796875 0.409375 0.559375
2 0.46328125 0.9515625 0.2015625 0.096875
2 0.55625 0.8953125 0.065625 0.078125
2 0.24296875 0.9765625 0.1046875 0.046875
0 0.19921875 0.83671875 0.1109375 0.1125
0 0.22421875 0.975 0.2296875 0.05
0 0.5328125 0.92578125 0.1125 0.1484375
0 0.6765625 0.76171875 0.175 0.4046875
0 0.78515625 0.75078125 0.2765625 0.3828125
0 0.90703125 0.73515625 0.1859375 0.3515625
4 0.76640625 0.60390625 0.1765625 0.0890625
4 0.9265625 0.6265625 0.146875 0.134375
4 0.66171875 0.6109375 0.1453125 0.103125