0 0.90859375 0.23984375 0.1828125 0.2203125
0 0.89296875 0.175 0.2140625 0.35
4 0.896875 0.1078125 0.146875 0.2
0 0.03984375 0.675 0.0796875 0.65
0 0.15390625 0.709375 0.2953125 0.58125
0 0.25703125 0.74453125 0.1953125 0.5109375
0 0.38359375 0.7046875 0.3234375 0.590625
0 0.72890625 0.62890625 0.05625 0.175
0 0.80390625 0.5453125 0.0515625 0.153125
0 0.93359375 0.5234375 0.040625 0.1140625
0 0.89140625 0.5296875 0.0453125 0.109375
2 0.71796875 0.5578125 0.028125 0.025
2 0.8 0.503125 0.0265625 0.028125
2 0.92578125 0.4765625 0.00625 0.0140625
2 0.88515625 0.48828125 0.021875 0.009375