0 0.4390625 0.1796875 0.4 0.359375
2 0.53515625 0.0734375 0.1328125 0.146875
4 0.77421875 0.28046875 0.2703125 0.1578125
0 0.81953125 0.1796875 0.3609375 0.359375
3 0.24921875 0.4484375 0.1125 0.08125
3 0.025 0.4453125 0.05 0.06875
3 0.12578125 0.49453125 0.0796875 0.0578125
3 0.36875 0.5078125 0.090625 0.0828125
3 0.50859375 0.496875 0.1078125 0.125
1 0.5375 0.68203125 0.203125 0.6359375
1 0.31484375 0.7234375 0.2234375 0.553125
1 0.19921875 0.69140625 0.2546875 0.6171875
1 0.078125 0.72265625 0.15625 0.5546875
1 0.03515625 0.69921875 0.0703125 0.6015625
1 0.421875 0.68125 0.0578125 0.2015625
1 0.46015625 0.7109375 0.1890625 0.578125
1 0.90625 0.6796875 0.1875 0.640625
1 0.77109375 0.675 0.2640625 0.63125