0 0.2203125 0.4171875 0.209375 0.365625
0 0.46015625 0.38125 0.1390625 0.4375
0 0.39140625 0.40859375 0.1515625 0.3828125
0 0.3140625 0.41640625 0.1140625 0.2984375
0 0.053125 0.43203125 0.10625 0.3359375
0 0.075 0.4140625 0.078125 0.2359375
0 0.15 0.440625 0.090625 0.3
0 0.25859375 0.434375 0.1203125 0.33125
4 0.75234375 0.34375 0.4453125 0.5125
1 0.759375 0.3 0.459375 0.6
1 0.43359375 0.8 0.1921875 0.4
3 0.42578125 0.621875 0.1140625 0.04375
1 0.89375 0.8 0.2125 0.4
1 0.834375 0.8078125 0.2 0.384375
3 0.784375 0.6640625 0.06875 0.0828125
3 0.8921875 0.634375 0.078125 0.06875