2 0.621875 0.0078125 0.028125 0.015625
2 0.7671875 0.13125 0.03125 0.028125
2 0.7203125 0.165625 0.025 0.028125
2 0.70859375 0.246875 0.053125 0.0546875
2 0.79765625 0.23203125 0.0328125 0.040625
2 0.83125 0.2796875 0.034375 0.053125
2 0.97265625 0.4234375 0.0546875 0.071875
2 0.9046875 0.38671875 0.046875 0.0609375
2 0.86484375 0.37265625 0.05 0.05
2 0.74375 0.39375 0.0484375 0.05625
2 0.71953125 0.3578125 0.0265625 0.053125
2 0.54453125 0.453125 0.0484375 0.0125
2 0.446875 0.45078125 0.059375 0.0171875
0 0.625 0.1015625 0.1 0.203125
0 0.7734375 0.18828125 0.0546875 0.1421875
0 0.28125 0.7296875 0.215625 0.540625
4 0.31640625 0.82734375 0.1453125 0.3453125
0 0.7671875 0.7296875 0.465625 0.540625