2 0.13984375 0.03671875 0.0921875 0.0734375
4 0.06015625 0.27109375 0.1203125 0.3421875
4 0.17578125 0.30078125 0.1734375 0.309375
4 0.25 0.26953125 0.0375 0.3578125
0 0.0765625 0.275 0.153125 0.55
0 0.16640625 0.275 0.2046875 0.55
0 0.2375 0.275 0.0625 0.55
2 0.75234375 0.1890625 0.0578125 0.0578125
2 0.534375 0.275 0.0625 0.05
0 0.74375 0.296875 0.184375 0.4421875
0 0.54375 0.3921875 0.146875 0.315625
0 0.134375 0.775 0.26875 0.45
4 0.13515625 0.78515625 0.2671875 0.4296875
0 0.8859375 0.60859375 0.11875 0.1171875