2 0.57265625 0.12109375 0.0609375 0.05625
2 0.38671875 0.14609375 0.0625 0.0671875
2 0.3203125 0.21640625 0.071875 0.0875
2 0.253125 0.17109375 0.0921875 0.09375
0 0.615625 0.2484375 0.215625 0.321875
0 0.49921875 0.26484375 0.1453125 0.2890625
0 0.45546875 0.2578125 0.2203125 0.303125
0 0.390625 0.2859375 0.203125 0.246875
0 0.2875 0.265625 0.221875 0.2875
0 0.5140625 0.75390625 0.471875 0.4921875
2 0.60390625 0.64375 0.246875 0.25625
4 0.6375 0.89375 0.225 0.2125
2 0.80234375 0.453125 0.1046875 0.0875
4 0.875 0.68515625 0.25 0.4015625
0 0.875 0.7046875 0.25 0.590625