0 0.42109375 0.209375 0.2359375 0.41875
0 0.5734375 0.14296875 0.06875 0.2859375
0 0.6078125 0.16015625 0.134375 0.3203125
0 0.6828125 0.1265625 0.08125 0.253125
0 0.73828125 0.1625 0.1078125 0.325
0 0.815625 0.1546875 0.1 0.309375
0 0.89609375 0.1046875 0.0953125 0.209375
2 0.61328125 0.00859375 0.0546875 0.0171875
2 0.84140625 0.01171875 0.0515625 0.0234375
0 0.040625 0.709375 0.08125 0.58125
0 0.75546875 0.865625 0.3609375 0.26875
0 0.7609375 0.62578125 0.44375 0.4140625
2 0.6859375 0.8046875 0.1265625 0.1546875
2 0.78359375 0.4484375 0.1984375 0.059375