0 0.27421875 0.36953125 0.3890625 0.7390625
2 0.1609375 0.05859375 0.11875 0.1171875
0 0.5296875 0.3828125 0.121875 0.646875
0 0.90546875 0.3140625 0.1890625 0.628125
0 0.74453125 0.35390625 0.3421875 0.6078125
0 0.6453125 0.365625 0.265625 0.6140625
2 0.9078125 0.05625 0.1625 0.1125
2 0.6921875 0.13125 0.1359375 0.140625
2 0.5796875 0.1609375 0.0703125 0.0546875
2 0.63046875 0.10625 0.08125 0.06875
0 0.071875 0.8859375 0.14375 0.228125
0 0.18515625 0.86953125 0.2359375 0.2609375
0 0.30234375 0.86953125 0.2109375 0.2609375
0 0.3921875 0.86953125 0.153125 0.2609375
2 0.73203125 0.796875 0.059375 0.059375
2 0.5171875 0.890625 0.0640625 0.0515625
0 0.72734375 0.86953125 0.1984375 0.2609375
0 0.5390625 0.9234375 0.140625 0.153125