0 0.58125 0.175 0.175 0.35
0 0.3953125 0.175 0.403125 0.35
0 0.321875 0.15703125 0.196875 0.3140625
0 0.20859375 0.096875 0.1703125 0.19375
0 0.103125 0.175 0.20625 0.35
0 0.90390625 0.175 0.1921875 0.35
0 0.80078125 0.175 0.1890625 0.35
0 0.71875 0.175 0.1 0.35
0 0.40546875 0.675 0.5265625 0.65
2 0.54921875 0.459375 0.1828125 0.21875
2 0.7796875 0.6296875 0.034375 0.03125
2 0.7375 0.66953125 0.028125 0.03125
2 0.73515625 0.75234375 0.05625 0.0578125
2 0.821875 0.7265625 0.0375 0.04375
2 0.8609375 0.76953125 0.0375 0.05625
2 0.94765625 0.86640625 0.0515625 0.0640625
2 0.90546875 0.8578125 0.053125 0.053125
2 0.9734375 0.98359375 0.053125 0.0328125
2 0.87578125 0.98515625 0.0578125 0.0296875
2 0.80625 0.97421875 0.053125 0.0484375
2 0.78828125 0.89375 0.0515625 0.059375
2 0.76015625 0.86015625 0.0296875 0.0546875
0 0.68125 0.61015625 0.025 0.2265625
0 0.7921875 0.6859375 0.065625 0.1453125