0 0.9234375 0.134375 0.153125 0.26875
0 0.8171875 0.13984375 0.146875 0.2796875
2 0.46328125 0.81796875 0.0265625 0.01875
2 0.4578125 0.78515625 0.0234375 0.015625
2 0.221875 0.7578125 0.021875 0.025
2 0.25859375 0.76796875 0.025 0.03125
2 0.134375 0.7390625 0.025 0.0296875
2 0.04453125 0.71171875 0.0453125 0.053125
0 0.48125 0.89921875 0.078125 0.2015625
0 0.4296875 0.8515625 0.0484375 0.1625
0 0.45078125 0.8890625 0.05 0.1828125
0 0.31640625 0.84375 0.0671875 0.1984375
0 0.24296875 0.83828125 0.05625 0.165625
0 0.21015625 0.84296875 0.0546875 0.20625
0 0.1265625 0.81875 0.05625 0.18125
0 0.05390625 0.8421875 0.1078125 0.315625
0 0.66015625 0.63984375 0.1609375 0.7203125