0 0.45625 0.1875 0.10625 0.325
2 0.45390625 0.0515625 0.065625 0.053125
3 0.784375 0.07265625 0.065625 0.0875
3 0.85078125 0.05078125 0.0765625 0.1015625
1 0.89609375 0.225 0.2078125 0.45
1 0.8890625 0.22578125 0.15 0.4484375
1 0.78125 0.1765625 0.1390625 0.2953125
1 0.61171875 0.225 0.2046875 0.45
4 0.2359375 0.87109375 0.36875 0.2578125
2 0.25390625 0.61015625 0.228125 0.146875
0 0.21875 0.75078125 0.4375 0.4984375
4 0.82734375 0.690625 0.3375 0.4625
4 0.55703125 0.85703125 0.0953125 0.2859375
0 0.55546875 0.725 0.0921875 0.55
0 0.8265625 0.725 0.346875 0.55