2 0.0625 0.10859375 0.125 0.1421875
2 0.271875 0.1953125 0.121875 0.15625
2 0.36796875 0.184375 0.1234375 0.1125
2 0.40546875 0.1421875 0.0484375 0.0625
0 0.071875 0.31015625 0.14375 0.4390625
0 0.1515625 0.278125 0.303125 0.503125
0 0.303125 0.31953125 0.253125 0.4203125
0 0.365625 0.32578125 0.128125 0.4078125
0 0.4 0.29765625 0.059375 0.3765625
0 0.49921875 0.26484375 0.1390625 0.5296875
0 0.71953125 0.234375 0.1109375 0.3609375
0 0.584375 0.23515625 0.1484375 0.3609375
2 0.69453125 0.0703125 0.0328125 0.034375
2 0.74921875 0.06953125 0.03125 0.0546875
2 0.5625 0.0796875 0.046875 0.053125
2 0.440625 0.04921875 0.021875 0.0734375
1 0.03984375 0.76484375 0.0796875 0.4703125
1 0.11484375 0.76484375 0.2296875 0.4703125
1 0.18515625 0.76484375 0.1890625 0.4703125
1 0.3125 0.75625 0.234375 0.453125
1 0.05234375 0.646875 0.1046875 0.234375
1 0.3828125 0.7453125 0.09375 0.43125
1 0.38984375 0.61796875 0.0796875 0.1765625
2 0.44140625 0.703125 0.0234375 0.05
2 0.52734375 0.69453125 0.0515625 0.05625
2 0.59765625 0.68203125 0.06875 0.0609375
2 0.67578125 0.64609375 0.0578125 0.053125
2 0.83125 0.65234375 0.0796875 0.0703125
0 0.49375 0.84296875 0.128125 0.3140625
0 0.5640625 0.83046875 0.165625 0.3390625
0 0.63046875 0.82421875 0.1828125 0.3515625
0 0.70625 0.80859375 0.1625 0.3828125
0 0.8640625 0.8078125 0.19375 0.384375