0 0.8609375 0.2390625 0.278125 0.478125
0 0.29375 0.9203125 0.371875 0.159375
0 0.13828125 0.8703125 0.2421875 0.259375
0 0.04609375 0.84296875 0.0921875 0.2265625
2 0.01328125 0.77421875 0.0265625 0.0828125
2 0.38828125 0.89140625 0.159375 0.0953125
2 0.19453125 0.77421875 0.1140625 0.071875
2 0.9609375 0.53046875 0.078125 0.0828125
2 0.82265625 0.5890625 0.121875 0.13125
2 0.69921875 0.5921875 0.0515625 0.0921875
2 0.5375 0.53515625 0.046875 0.0453125
0 0.55078125 0.7109375 0.1234375 0.3984375
0 0.66796875 0.76015625 0.14375 0.4484375
0 0.8703125 0.74453125 0.259375 0.5109375
0 0.8484375 0.75859375 0.303125 0.4828125