0 0.49140625 0.29609375 0.1421875 0.4859375
0 0.06796875 0.3078125 0.1359375 0.4625
0 0.19921875 0.27578125 0.1640625 0.5265625
0 0.309375 0.275 0.10625 0.4421875
0 0.38359375 0.2421875 0.084375 0.29375
0 0.54921875 0.24921875 0.0609375 0.296875
0 0.4421875 0.2796875 0.08125 0.375
0 0.75390625 0.3578125 0.3078125 0.3625
2 0.6828125 0.23203125 0.134375 0.0953125
0 0.28515625 0.76953125 0.5703125 0.4609375
2 0.896875 0.5734375 0.20625 0.06875
4 0.95 0.7546875 0.1 0.40625
0 0.88984375 0.76953125 0.2203125 0.4609375