2 0.28984375 0.14296875 0.103125 0.1109375
2 0.1515625 0.0609375 0.146875 0.121875
2 0.1 0.175 0.10625 0.103125
2 0.2140625 0.15234375 0.0875 0.109375
0 0.35 0.3953125 0.225 0.628125
0 0.21875 0.3546875 0.3125 0.709375
0 0.1515625 0.41796875 0.221875 0.5828125
0 0.07421875 0.3921875 0.1484375 0.634375
0 0.25078125 0.30859375 0.1453125 0.41875
0 0.94375 0.49765625 0.1125 0.4234375
2 0.15546875 0.77890625 0.1578125 0.1390625
4 0.4671875 0.8546875 0.24375 0.290625
0 0.41796875 0.8546875 0.3421875 0.290625
0 0.2296875 0.8546875 0.375 0.290625
0 0.06640625 0.8546875 0.1328125 0.290625
0 0.87421875 0.796875 0.1671875 0.175