0 0.45625 0.42578125 0.1375 0.0859375
0 0.3640625 0.42421875 0.134375 0.0890625
0 0.18984375 0.41796875 0.1703125 0.1015625
2 0.1984375 0.44375 0.040625 0.0453125
2 0.2609375 0.4390625 0.040625 0.046875
2 0.32890625 0.41875 0.053125 0.05
2 0.4375 0.415625 0.0578125 0.0484375
2 0.5140625 0.396875 0.03125 0.075
0 0.86640625 0.234375 0.2609375 0.46875
4 0.98125 0.1625 0.0375 0.246875
4 0.82578125 0.125 0.1640625 0.25
0 0.24921875 0.7765625 0.4609375 0.446875
2 0.20234375 0.71640625 0.190625 0.2703125
4 0.63515625 0.853125 0.2109375 0.29375
0 0.66171875 0.7640625 0.2640625 0.471875