2 0.41796875 0.253125 0.0234375 0.05625
4 0.38203125 0.30390625 0.0953125 0.0515625
0 0.47265625 0.16484375 0.0859375 0.3296875
0 0.61171875 0.16484375 0.2015625 0.3296875
0 0.51015625 0.16484375 0.1453125 0.3296875
0 0.7328125 0.16484375 0.184375 0.3296875
0 0.865625 0.16484375 0.134375 0.3296875
2 0.1421875 0.57109375 0.109375 0.103125
2 0.21953125 0.55 0.0828125 0.11875
2 0.25390625 0.33984375 0.0640625 0.0203125
2 0.36875 0.38125 0.08125 0.0984375
2 0.27890625 0.90703125 0.1734375 0.1859375
4 0.08984375 0.834375 0.1765625 0.33125
0 0.1046875 0.75625 0.209375 0.4875
0 0.22734375 0.90625 0.2796875 0.1875
0 0.38203125 0.46328125 0.0953125 0.2671875
0 0.3703125 0.63984375 0.11875 0.3046875
0 0.2265625 0.465625 0.14375 0.271875
2 0.39921875 0.53359375 0.0609375 0.0671875
0 0.5734375 0.728125 0.2625 0.54375
2 0.53671875 0.65703125 0.140625 0.08125