2 0.4109375 0.18046875 0.1109375 0.10625
2 0.3328125 0.1609375 0.084375 0.1203125
2 0.18046875 0.021875 0.0828125 0.04375
0 0.45859375 0.2 0.2328125 0.159375
0 0.14140625 0.10546875 0.1546875 0.2109375
0 0.15859375 0.18984375 0.1734375 0.1796875
0 0.3234375 0.10703125 0.15 0.2140625
2 0.140625 0.14765625 0.084375 0.06875
0 0.8046875 0.13984375 0.390625 0.2796875
0 0.48984375 0.70625 0.2390625 0.5875
0 0.0421875 0.82890625 0.084375 0.3421875
0 0.3296875 0.70234375 0.0921875 0.30625
0 0.10625 0.81015625 0.1375 0.3796875
2 0.4546875 0.48671875 0.121875 0.1484375
0 0.278125 0.6828125 0.05625 0.21875
2 0.10546875 0.67578125 0.0703125 0.0953125
2 0.025 0.69140625 0.05 0.1078125
2 0.31953125 0.571875 0.0453125 0.040625
2 0.26875 0.58828125 0.0328125 0.053125
0 0.78359375 0.603125 0.3484375 0.646875