4 0.0359375 0.13515625 0.071875 0.2703125
4 0.1234375 0.140625 0.178125 0.28125
4 0.27265625 0.1359375 0.1921875 0.271875
4 0.3734375 0.18046875 0.196875 0.3609375
4 0.4921875 0.1 0.203125 0.2
0 0.0546875 0.2296875 0.109375 0.459375
0 0.13046875 0.2296875 0.2421875 0.459375
0 0.28203125 0.2296875 0.2671875 0.459375
0 0.4984375 0.2296875 0.2625 0.459375
0 0.3609375 0.2296875 0.253125 0.459375
0 0.678125 0.2296875 0.096875 0.459375
0 0.74296875 0.2296875 0.2265625 0.459375
0 0.9 0.2296875 0.2 0.459375
2 0.60390625 0.5390625 0.0515625 0.090625
2 0.5015625 0.62109375 0.0859375 0.1015625
2 0.4359375 0.534375 0.0703125 0.075
2 0.19921875 0.5421875 0.0703125 0.0734375
2 0.15625 0.840625 0.1015625 0.0796875
2 0.37109375 0.98046875 0.1515625 0.0390625
0 0.3078125 0.5859375 0.0515625 0.1421875
0 0.1734375 0.89453125 0.28125 0.2109375
0 0.19453125 0.6984375 0.1734375 0.390625
0 0.46328125 0.66484375 0.165625 0.353125
0 0.48828125 0.8625 0.1828125 0.275
0 0.59765625 0.6609375 0.0640625 0.353125
2 0.4671875 0.77578125 0.0859375 0.071875
0 0.865625 0.8796875 0.26875 0.240625
0 0.6796875 0.87578125 0.1 0.2484375
0 0.7046875 0.7046875 0.15 0.2625
2 0.78984375 0.840625 0.1046875 0.1109375
2 0.73125 0.72734375 0.090625 0.1125
2 0.66171875 0.8046875 0.0640625 0.1
4 0.88671875 0.91015625 0.2171875 0.1796875
4 0.67734375 0.66484375 0.0953125 0.1703125