0 0.4640625 0.3765625 0.171875 0.50625
0 0.36875 0.35078125 0.1375 0.390625
0 0.5015625 0.34609375 0.096875 0.4671875
0 0.2765625 0.3375 0.134375 0.3703125
0 0.1984375 0.34453125 0.1140625 0.3375
0 0.103125 0.35078125 0.1703125 0.4234375
2 0.1109375 0.215625 0.040625 0.0453125
2 0.1734375 0.2109375 0.040625 0.046875
2 0.24140625 0.190625 0.053125 0.05
2 0.35 0.1875 0.0578125 0.0484375
2 0.4515625 0.16875 0.0796875 0.075
0 0.78671875 0.31484375 0.4265625 0.6296875
2 0.79140625 0.07421875 0.2609375 0.1484375
4 0.86328125 0.4421875 0.2734375 0.375
0 0.15 0.81484375 0.3 0.3703125
2 0.14296875 0.703125 0.1234375 0.146875