2 0.40390625 0.03125 0.0828125 0.0625
2 0.0765625 0.03984375 0.103125 0.0796875
0 0.52734375 0.2046875 0.2234375 0.409375
0 0.3921875 0.203125 0.2375 0.40625
0 0.11484375 0.2046875 0.2296875 0.409375
2 0.7578125 0.0109375 0.040625 0.021875
0 0.940625 0.2046875 0.11875 0.409375
0 0.775 0.140625 0.134375 0.28125
0 0.5140625 0.60703125 0.25 0.3953125
0 0.42734375 0.71875 0.2390625 0.5625
2 0.39453125 0.471875 0.0515625 0.0390625
2 0.80703125 0.52578125 0.2671875 0.2328125
0 0.81953125 0.7046875 0.3609375 0.590625