0 0.40859375 0.18984375 0.2828125 0.3796875
0 0.05859375 0.18984375 0.1171875 0.3796875
2 0.41015625 0.0640625 0.2171875 0.128125
1 0.7546875 0.18984375 0.409375 0.3796875
0 0.0859375 0.79765625 0.171875 0.4046875
0 0.2890625 0.7625 0.284375 0.475
0 0.47265625 0.6953125 0.1546875 0.609375
2 0.24296875 0.65234375 0.134375 0.2265625
2 0.471875 0.59375 0.15625 0.303125
1 0.9359375 0.86796875 0.128125 0.2640625
1 0.82109375 0.86640625 0.0921875 0.2671875
1 0.69296875 0.8640625 0.1171875 0.271875
1 0.60703125 0.87734375 0.1015625 0.2453125