0 0.19296875 0.265625 0.3859375 0.36875
2 0.14921875 0.29296875 0.2984375 0.3140625
1 0.76796875 0.32109375 0.2859375 0.2578125
3 0.425 0.4046875 0.071875 0.090625
3 0.7296875 0.29453125 0.1140625 0.171875
3 0.7984375 0.52578125 0.0546875 0.053125
3 0.6703125 0.584375 0.0640625 0.075
3 0.57734375 0.61171875 0.0515625 0.0640625
3 0.94921875 0.8078125 0.078125 0.0671875
1 0.609375 0.7671875 0.109375 0.465625
1 0.6921875 0.76953125 0.15 0.4609375
1 0.8359375 0.7328125 0.1203125 0.4703125
1 0.93046875 0.75703125 0.1296875 0.4859375