0 0.2875 0.31328125 0.146875 0.3515625
0 0.15 0.30546875 0.13125 0.3671875
2 0.2109375 0.45859375 0.121875 0.0609375
2 0.284375 0.2 0.071875 0.1421875
2 0.1609375 0.228125 0.078125 0.146875
3 0.959375 0.09453125 0.08125 0.1390625
3 0.8234375 0.05546875 0.109375 0.0921875
3 0.6265625 0.10390625 0.1125 0.090625
1 0.93203125 0.24765625 0.1359375 0.4828125
1 0.80078125 0.24453125 0.1453125 0.4890625
1 0.6234375 0.26171875 0.146875 0.4546875
1 0.14375 0.74453125 0.2875 0.5109375
4 0.08359375 0.6453125 0.1671875 0.3125
3 0.2296875 0.51015625 0.159375 0.0421875
3 0.7609375 0.58515625 0.2890625 0.1375
1 0.74453125 0.74453125 0.5109375 0.5109375