0 0.23984375 0.284375 0.4796875 0.56875
2 0.34296875 0.04609375 0.2265625 0.0921875
2 0.1625 0.02265625 0.175 0.0453125
3 0.90859375 0.04609375 0.1828125 0.0921875
4 0.853125 0.34921875 0.29375 0.4390625
1 0.825 0.284375 0.35 0.56875
0 0.36328125 0.79140625 0.2328125 0.4171875
0 0.20859375 0.815625 0.2359375 0.36875
0 0.09765625 0.79296875 0.1953125 0.4140625
2 0.40234375 0.70390625 0.1265625 0.146875
2 0.2265625 0.7296875 0.1 0.1421875
2 0.1125 0.69453125 0.0984375 0.1359375
2 0.02421875 0.675 0.0484375 0.15625
1 0.62265625 0.784375 0.2859375 0.43125
1 0.76484375 0.8828125 0.1640625 0.234375
3 0.90546875 0.9671875 0.1078125 0.065625
3 0.678125 0.61875 0.10625 0.1
3 0.76640625 0.803125 0.05625 0.06875