0 0.5 0.315625 0.1375 0.540625
0 0.284375 0.29921875 0.175 0.3984375
0 0.09296875 0.334375 0.1609375 0.4890625
2 0.25703125 0.15 0.0984375 0.0796875
2 0.49609375 0.1125 0.0859375 0.1203125
2 0.109375 0.15625 0.1078125 0.1140625
2 0.03203125 0.11875 0.0640625 0.10625
1 0.79375 0.38359375 0.26875 0.6109375
1 0.6015625 0.48359375 0.065625 0.4109375
3 0.72265625 0.15078125 0.1171875 0.1125
1 0.23359375 0.853125 0.1359375 0.29375
1 0.0359375 0.8703125 0.071875 0.259375
1 0.3484375 0.84765625 0.15625 0.3046875
1 0.1140625 0.85 0.14375 0.3
0 0.87109375 0.84453125 0.2578125 0.3109375