0 0.2109375 0.209375 0.421875 0.41875
2 0.17421875 0.04765625 0.2296875 0.0953125
1 0.86875 0.209375 0.2625 0.41875
1 0.64453125 0.24921875 0.1640625 0.3390625
1 0.48359375 0.27734375 0.084375 0.2234375
3 0.8546875 0.01875 0.121875 0.0375
3 0.64921875 0.12109375 0.084375 0.0515625
3 0.490625 0.18515625 0.0296875 0.0390625
1 0.24921875 0.709375 0.3796875 0.58125
3 0.3390625 0.49765625 0.190625 0.140625
1 0.61640625 0.5484375 0.0796875 0.2125
1 0.55625 0.54296875 0.078125 0.2484375
1 0.48359375 0.5453125 0.0890625 0.253125