0 0.01796875 0.390625 0.0359375 0.15625
2 0.0078125 0.36953125 0.015625 0.0484375
1 0.1421875 0.734375 0.284375 0.53125
1 0.37890625 0.734375 0.3578125 0.53125
1 0.64296875 0.79453125 0.1515625 0.4109375
1 0.5125 0.77109375 0.18125 0.4578125
1 0.02578125 0.75390625 0.0515625 0.4921875
3 0.80625 0.49296875 0.078125 0.0484375
3 0.88125 0.68671875 0.065625 0.3296875
3 0.9546875 0.49765625 0.090625 0.0578125
1 0.8109375 0.734375 0.184375 0.53125
1 0.9296875 0.734375 0.140625 0.53125
1 0.98359375 0.7421875 0.0328125 0.48125