0 0.29609375 0.29453125 0.3265625 0.5890625
0 0.13046875 0.29453125 0.2609375 0.5890625
2 0.35625 0.0796875 0.196875 0.159375
2 0.125 0.07109375 0.175 0.1421875
4 0.30859375 0.33671875 0.3015625 0.5046875
4 0.11484375 0.27421875 0.2296875 0.5078125
1 0.59453125 0.2484375 0.2703125 0.496875
1 0.79921875 0.4 0.4015625 0.378125
3 0.946875 0.3578125 0.10625 0.128125
1 0.06796875 0.79453125 0.1359375 0.4109375
1 0.15078125 0.79453125 0.3015625 0.4109375
1 0.325 0.79453125 0.26875 0.4109375
1 0.39140625 0.79453125 0.1359375 0.4109375
1 0.74140625 0.75703125 0.3359375 0.3359375
1 0.55625 0.7421875 0.19375 0.30625