0 0.13828125 0.3234375 0.2765625 0.53125
0 0.271875 0.33671875 0.15625 0.5046875
2 0.1515625 0.21640625 0.1859375 0.2453125
2 0.325 0.2546875 0.05 0.275
4 0.121875 0.42421875 0.24375 0.3296875
4 0.27890625 0.4328125 0.1421875 0.3125
1 0.54375 0.3703125 0.15 0.4375
1 0.728125 0.25 0.1578125 0.353125
3 0.7140625 0.15 0.065625 0.1140625
3 0.56484375 0.21015625 0.096875 0.1234375
1 0.18671875 0.79453125 0.3265625 0.4109375
4 0.19375 0.87734375 0.3125 0.2453125
1 0.67734375 0.79453125 0.6453125 0.4109375
3 0.72109375 0.621875 0.4421875 0.065625