0 0.09609375 0.290625 0.1640625 0.31875
0 0.29609375 0.23515625 0.1296875 0.4296875
0 0.38671875 0.2078125 0.1296875 0.415625
2 0.11796875 0.2015625 0.071875 0.075
2 0.2921875 0.0890625 0.0578125 0.0953125
2 0.37421875 0.09921875 0.03125 0.0859375
0 0.69765625 0.225 0.4578125 0.45
2 0.55546875 0.04375 0.1453125 0.0875
3 0.06015625 0.5875 0.1203125 0.21875
4 0.31484375 0.59140625 0.2953125 0.2828125
1 0.2875 0.725 0.3625 0.55
1 0.07109375 0.7390625 0.1421875 0.521875
0 0.575 0.76953125 0.2125 0.4609375
0 0.7953125 0.84375 0.36875 0.3125
2 0.68671875 0.8265625 0.140625 0.2109375
2 0.58984375 0.7109375 0.2140625 0.2328125