0 0.4546875 0.28984375 0.290625 0.5796875
0 0.2484375 0.28984375 0.29375 0.5796875
0 0.0953125 0.28984375 0.190625 0.5796875
2 0.17578125 0.05625 0.1484375 0.1125
2 0.06796875 0.06171875 0.1140625 0.1234375
4 0.48671875 0.2578125 0.2265625 0.515625
4 0.20859375 0.19140625 0.21875 0.246875
2 0.81484375 0.10625 0.128125 0.146875
0 0.846875 0.3015625 0.30625 0.55625
1 0.1703125 0.8125 0.340625 0.375
1 0.4953125 0.83984375 0.209375 0.3203125
3 0.55078125 0.70859375 0.0984375 0.2421875
3 0.5046875 0.77265625 0.14375 0.15
1 0.69296875 0.78984375 0.1859375 0.4203125
1 0.884375 0.815625 0.15625 0.36875
3 0.884375 0.67109375 0.084375 0.0515625