0 0.14765625 0.33359375 0.2078125 0.30625
0 0.3515625 0.2421875 0.1109375 0.19375
0 0.50625 0.23203125 0.046875 0.1984375
2 0.1125 0.246875 0.0921875 0.1078125
2 0.3453125 0.18515625 0.04375 0.075
2 0.50546875 0.1875 0.0484375 0.065625
4 0.80390625 0.384375 0.3921875 0.509375
1 0.790625 0.31953125 0.41875 0.6390625
1 0.43828125 0.81953125 0.1828125 0.3609375
1 0.31484375 0.81953125 0.1234375 0.3609375
1 0.1734375 0.81953125 0.20625 0.3609375
1 0.06875 0.81953125 0.103125 0.3609375
1 0.02890625 0.81953125 0.0578125 0.3609375
3 0.640625 0.825 0.025 0.03125
3 0.71640625 0.8296875 0.03125 0.0328125
3 0.790625 0.81875 0.0296875 0.0296875
1 0.98203125 0.91015625 0.0359375 0.1796875
1 0.94296875 0.90234375 0.0734375 0.1953125
1 0.865625 0.9015625 0.09375 0.196875
1 0.74765625 0.8984375 0.0921875 0.203125
1 0.72265625 0.9046875 0.0609375 0.190625
1 0.796875 0.896875 0.08125 0.20625
1 0.64140625 0.9046875 0.0890625 0.190625
1 0.53828125 0.89296875 0.0171875 0.0984375