0 0.1984375 0.2875 0.396875 0.575
0 0.409375 0.29765625 0.159375 0.5640625
2 0.41484375 0.1453125 0.1375 0.209375
2 0.32734375 0.0671875 0.2109375 0.134375
0 0.81328125 0.5265625 0.1328125 0.10625
0 0.95859375 0.38984375 0.0828125 0.1484375
0 0.68203125 0.546875 0.0921875 0.065625
2 0.50078125 0.5140625 0.0234375 0.115625
2 0.6890625 0.55703125 0.0375 0.0453125
2 0.81484375 0.53046875 0.0796875 0.0984375
2 0.94921875 0.55 0.1015625 0.059375
2 0.965625 0.3671875 0.0546875 0.0453125
1 0.1265625 0.78984375 0.203125 0.4203125
4 0.140625 0.68984375 0.15 0.2203125
3 0.98046875 0.934375 0.0390625 0.103125