0 0.04921875 0.196875 0.0984375 0.325
0 0.15546875 0.18515625 0.1859375 0.3484375
2 0.15234375 0.134375 0.1 0.1109375
2 0.040625 0.121875 0.08125 0.10625
1 0.6359375 0.22890625 0.271875 0.2609375
1 0.90234375 0.225 0.1953125 0.26875
3 0.95234375 0.146875 0.0953125 0.09375
3 0.640625 0.16015625 0.1375 0.0890625
3 0.31953125 0.1765625 0.1203125 0.084375
3 0.4796875 0.17734375 0.078125 0.0984375
3 0.78203125 0.1875 0.0921875 0.0671875
0 0.196875 0.6796875 0.125 0.640625
0 0.04921875 0.675 0.0984375 0.63125
0 0.09453125 0.63125 0.125 0.521875
2 0.02421875 0.43046875 0.0484375 0.1328125
2 0.08984375 0.4390625 0.0765625 0.1
2 0.2125 0.4515625 0.09375 0.146875
1 0.68359375 0.4078125 0.1515625 0.096875
1 0.90390625 0.434375 0.1203125 0.15
1 0.9453125 0.55078125 0.109375 0.3828125
1 0.46640625 0.421875 0.1703125 0.125
1 0.40078125 0.4640625 0.1734375 0.209375
1 0.3375 0.50546875 0.15625 0.2921875
1 0.3171875 0.56953125 0.115625 0.4203125