0 0.07265625 0.30625 0.1453125 0.325
0 0.196875 0.234375 0.340625 0.46875
2 0.23515625 0.14375 0.1921875 0.25
2 0.04921875 0.24609375 0.0984375 0.2515625
1 0.6171875 0.2671875 0.396875 0.403125
3 0.66328125 0.22734375 0.234375 0.2640625
1 0.04296875 0.734375 0.0859375 0.53125
1 0.13828125 0.70625 0.1859375 0.475
1 0.328125 0.734375 0.18125 0.53125
1 0.27265625 0.734375 0.1890625 0.53125
3 0.303125 0.49609375 0.10625 0.0546875
1 0.875 0.77109375 0.25 0.4578125
1 0.7203125 0.76328125 0.3125 0.4734375
1 0.46875 0.83046875 0.1 0.3390625