0 0.49296875 0.21953125 0.1328125 0.4390625
0 0.340625 0.21953125 0.18125 0.4390625
0 0.165625 0.21953125 0.196875 0.4390625
2 0.5078125 0.0359375 0.103125 0.071875
2 0.334375 0.034375 0.115625 0.06875
2 0.1734375 0.03046875 0.10625 0.0609375
1 0.728125 0.21953125 0.3375 0.4390625
4 0.696875 0.2453125 0.275 0.3875
1 0.1015625 0.71953125 0.203125 0.5609375
3 0.11015625 0.48203125 0.1640625 0.0859375
0 0.58515625 0.73359375 0.0515625 0.5328125
0 0.7765625 0.7609375 0.14375 0.478125
0 0.928125 0.740625 0.125 0.51875