0 0.06015625 0.184375 0.1203125 0.36875
3 0.68125 0.16171875 0.1390625 0.171875
3 0.96171875 0.05859375 0.0765625 0.1171875
3 0.859375 0.03203125 0.078125 0.0640625
1 0.76796875 0.2328125 0.4359375 0.271875
1 0.94140625 0.184375 0.1171875 0.36875
1 0.32890625 0.8125 0.4421875 0.375
3 0.42109375 0.71328125 0.1484375 0.1671875
3 0.59765625 0.4875 0.0515625 0.05
3 0.734375 0.52265625 0.059375 0.071875
3 0.8296875 0.5328125 0.0484375 0.0609375
1 0.82578125 0.6921875 0.0765625 0.4640625
1 0.74921875 0.7390625 0.1140625 0.51875
1 0.596875 0.696875 0.0890625 0.46875