0 0.159375 0.31953125 0.31875 0.6390625
2 0.21796875 0.10703125 0.2015625 0.2140625
2 0.08828125 0.16953125 0.15625 0.24375
3 0.9625 0.025 0.075 0.05
3 0.725 0.0859375 0.13125 0.10625
3 0.53828125 0.0203125 0.1078125 0.040625
3 0.3421875 0.13671875 0.046875 0.1265625
1 0.4078125 0.35078125 0.178125 0.5765625
1 0.56328125 0.31953125 0.3546875 0.6390625
1 0.78125 0.32578125 0.284375 0.6265625
1 0.91796875 0.31953125 0.1640625 0.6390625
4 0.20703125 0.81953125 0.2234375 0.3609375
1 0.19375 0.81953125 0.25 0.3609375
1 0.69921875 0.80390625 0.3046875 0.3296875
1 0.40859375 0.94375 0.1640625 0.1125
3 0.43359375 0.95546875 0.071875 0.078125