0 0.2765625 0.3625 0.225 0.59375
0 0.2078125 0.5296875 0.23125 0.259375
2 0.30234375 0.36328125 0.1734375 0.5109375
2 0.19140625 0.48359375 0.128125 0.146875
1 0.4390625 0.396875 0.1 0.525
1 0.46328125 0.375 0.1484375 0.509375
1 0.5375 0.3546875 0.16875 0.434375
1 0.69921875 0.33359375 0.1453125 0.3921875
1 0.89765625 0.3671875 0.2046875 0.578125
1 0.9828125 0.26953125 0.034375 0.2859375
1 0.7640625 0.3390625 0.125 0.4265625
1 0.15625 0.8296875 0.3125 0.340625
1 0.8984375 0.8296875 0.203125 0.340625
1 0.60703125 0.8953125 0.4359375 0.209375
3 0.659375 0.90703125 0.1875 0.1859375