0 0.05 0.41640625 0.1 0.5453125
0 0.11484375 0.3921875 0.2296875 0.59375
0 0.41328125 0.4015625 0.2921875 0.575
0 0.61484375 0.2734375 0.0484375 0.3625
0 0.50625 0.3296875 0.165625 0.4921875
1 0.86640625 0.459375 0.2671875 0.459375
1 0.83359375 0.4609375 0.2828125 0.45625
3 0.78671875 0.28046875 0.0953125 0.078125
3 0.878125 0.2734375 0.065625 0.078125
4 0.52265625 0.85390625 0.2328125 0.2921875
1 0.4328125 0.84453125 0.4125 0.3109375
3 0.8265625 0.73125 0.0578125 0.0453125
3 0.90859375 0.690625 0.0578125 0.003125
1 0.71484375 0.90546875 0.1515625 0.1890625
1 0.9390625 0.79609375 0.121875 0.2140625
1 0.83046875 0.79609375 0.1484375 0.190625
1 0.6609375 0.78828125 0.04375 0.1484375