0 0.47265625 0.33828125 0.2140625 0.5609375
0 0.33046875 0.309375 0.3390625 0.61875
0 0.08046875 0.309375 0.1609375 0.61875
2 0.52265625 0.203125 0.1140625 0.253125
2 0.37734375 0.15859375 0.1828125 0.2703125
2 0.06953125 0.08671875 0.1390625 0.1734375
2 0.24921875 0.20546875 0.1234375 0.1890625
2 0.13984375 0.19765625 0.096875 0.1625
2 0.6484375 0.4421875 0.1375 0.134375
0 0.67265625 0.4515625 0.1859375 0.334375
3 0.29765625 0.809375 0.4953125 0.38125
3 0.371875 0.70078125 0.175 0.1640625
0 0.78984375 0.809375 0.4203125 0.38125