0 0.096875 0.23984375 0.19375 0.4796875
0 0.20234375 0.228125 0.2171875 0.45625
0 0.28203125 0.23984375 0.2890625 0.4796875
2 0.05078125 0.05234375 0.1015625 0.1046875
2 0.28203125 0.07578125 0.1234375 0.1515625
2 0.2515625 0.021875 0.10625 0.04375
3 0.51796875 0.10390625 0.0984375 0.2015625
3 0.83515625 0.18046875 0.2171875 0.2171875
1 0.55078125 0.23984375 0.1640625 0.4796875
1 0.7578125 0.265625 0.484375 0.428125
4 0.190625 0.73984375 0.38125 0.5203125
1 0.20390625 0.73984375 0.4078125 0.5203125
2 0.63203125 0.97109375 0.1640625 0.0578125
0 0.678125 0.9375 0.41875 0.125