0 0.10546875 0.08984375 0.1984375 0.1796875
0 0.03359375 0.08984375 0.0671875 0.1796875
1 0.68046875 0.08984375 0.6390625 0.1796875
4 0.2515625 0.7359375 0.15625 0.528125
1 0.21328125 0.58984375 0.2328125 0.8203125
2 0.93203125 0.296875 0.1359375 0.234375
2 0.85390625 0.328125 0.0625 0.0890625
2 0.609375 0.3078125 0.1578125 0.1796875
2 0.34765625 0.2421875 0.0359375 0.125
0 0.4 0.58984375 0.140625 0.8203125
0 0.58046875 0.60234375 0.4140625 0.7953125
0 0.76015625 0.63046875 0.2734375 0.7390625
0 0.903125 0.58984375 0.19375 0.8203125
0 0.89921875 0.65234375 0.2015625 0.6953125
0 0.84296875 0.4359375 0.1109375 0.328125