0 0.47265625 0.29453125 0.0921875 0.5890625
0 0.35859375 0.29453125 0.2765625 0.5890625
0 0.1328125 0.31015625 0.265625 0.5578125
0 0.2453125 0.29453125 0.271875 0.5890625
2 0.46484375 0.08203125 0.1078125 0.1640625
2 0.3140625 0.08203125 0.128125 0.1640625
2 0.203125 0.0875 0.1359375 0.1703125
2 0.08984375 0.1515625 0.146875 0.18125
1 0.9859375 0.5 0.028125 0.134375
1 0.1796875 0.79453125 0.359375 0.4109375
3 0.07734375 0.62421875 0.1546875 0.0703125
4 0.1671875 0.871875 0.334375 0.25625
3 0.6171875 0.79921875 0.196875 0.3671875
1 0.7453125 0.79453125 0.453125 0.4109375