0 0.065625 0.25 0.13125 0.5
0 0.31015625 0.215625 0.3171875 0.43125
0 0.128125 0.25 0.25625 0.5
2 0.07890625 0.13046875 0.1578125 0.2609375
0 0.70078125 0.2640625 0.3578125 0.471875
2 0.678125 0.15625 0.159375 0.18125
1 0.2328125 0.796875 0.465625 0.40625
1 0.321875 0.778125 0.29375 0.44375
3 0.30546875 0.6 0.096875 0.08125
3 0.2171875 0.625 0.0671875 0.0796875
3 0.05625 0.70390625 0.1125 0.1078125
0 0.90078125 0.75 0.1984375 0.5
0 0.7375 0.75 0.403125 0.5
0 0.5796875 0.75 0.221875 0.5
2 0.9625 0.5765625 0.075 0.153125
2 0.72109375 0.584375 0.1671875 0.16875
2 0.5265625 0.60703125 0.115625 0.2140625