0 0.23203125 0.27734375 0.1640625 0.1828125
0 0.36875 0.271875 0.146875 0.19375
2 0.24140625 0.25078125 0.0765625 0.1453125
2 0.3640625 0.2828125 0.084375 0.15
3 0.72109375 0.03203125 0.2203125 0.0640625
1 0.72265625 0.184375 0.2859375 0.36875
3 0.02265625 0.4921875 0.0453125 0.065625
1 0.5375 0.84375 0.084375 0.284375
1 0.50546875 0.56171875 0.1484375 0.3859375
1 0.05234375 0.6515625 0.1046875 0.39375
1 0.05625 0.5140625 0.1125 0.290625
1 0.22890625 0.4375 0.1171875 0.1375
1 0.5375 0.45078125 0.084375 0.1640625
0 0.7171875 0.81328125 0.275 0.3734375
0 0.89921875 0.803125 0.1828125 0.39375