0 0.90859375 0.5828125 0.1078125 0.071875
0 0.0328125 0.809375 0.065625 0.38125
0 0.11015625 0.809375 0.1796875 0.38125
0 0.0796875 0.809375 0.159375 0.38125
1 0.91953125 0.809375 0.1609375 0.38125
1 0.778125 0.8453125 0.18125 0.309375
1 0.653125 0.83046875 0.246875 0.3390625
1 0.5234375 0.846875 0.171875 0.30625
1 0.38046875 0.809375 0.2609375 0.38125
1 0.278125 0.8578125 0.15 0.284375
1 0.2453125 0.86796875 0.090625 0.2640625
3 0.23984375 0.73046875 0.0796875 0.1234375
3 0.97890625 0.6640625 0.0421875 0.084375