0 0.43125 0.24453125 0.315625 0.4890625
0 0.2125 0.24453125 0.29375 0.4890625
0 0.07734375 0.24453125 0.1546875 0.4890625
4 0.46328125 0.2171875 0.2515625 0.434375
4 0.171875 0.11640625 0.21875 0.2328125
1 0.79453125 0.24453125 0.4109375 0.4890625
3 0.92421875 0.03359375 0.1515625 0.0671875
1 0.03125 0.74453125 0.0625 0.5109375
1 0.0875 0.74453125 0.15625 0.5109375
1 0.31484375 0.82578125 0.0609375 0.2
1 0.35546875 0.8140625 0.0703125 0.1921875
3 0.33515625 0.734375 0.03125 0.015625
3 0.31171875 0.74609375 0.0296875 0.0296875
1 0.79453125 0.74453125 0.4109375 0.5109375