0 0.24453125 0.25546875 0.4890625 0.3078125
2 0.2046875 0.234375 0.30625 0.35
1 0.85859375 0.22734375 0.1203125 0.3640625
3 0.571875 0.140625 0.065625 0.09375
3 0.859375 0.09921875 0.0765625 0.084375
4 0.56875 0.31640625 0.059375 0.1859375
4 0.8234375 0.284375 0.1140625 0.16875
1 0.03046875 0.6890625 0.0609375 0.4
1 0.08515625 0.7546875 0.103125 0.490625
1 0.18046875 0.7453125 0.0953125 0.509375
1 0.25078125 0.6953125 0.06875 0.3984375
1 0.3109375 0.74765625 0.103125 0.5046875
1 0.43125 0.75078125 0.13125 0.4984375
1 0.5078125 0.70546875 0.0625 0.3546875
1 0.521875 0.75 0.034375 0.5
3 0.03203125 0.51953125 0.040625 0.0375
3 0.109375 0.53671875 0.04375 0.0421875
3 0.17890625 0.52265625 0.046875 0.0515625
3 0.24609375 0.7015625 0.025 0.0734375
3 0.3234375 0.53046875 0.0546875 0.053125
3 0.45390625 0.53828125 0.05625 0.0578125
3 0.5125 0.553125 0.0265625 0.0359375