2 0.4140625 0.109375 0.090625 0.21875
2 0.3296875 0.115625 0.20625 0.23125
0 0.2296875 0.16953125 0.459375 0.3390625
3 0.9453125 0.08671875 0.109375 0.1734375
1 0.91640625 0.16953125 0.1671875 0.3390625
3 0.26328125 0.7296875 0.053125 0.05
3 0.1265625 0.7625 0.0609375 0.0734375
3 0.03046875 0.771875 0.05 0.0625
1 0.0375 0.8484375 0.075 0.303125
1 0.10703125 0.859375 0.1234375 0.28125
1 0.2609375 0.85234375 0.096875 0.2953125
1 0.346875 0.8703125 0.103125 0.259375
1 0.81640625 0.66953125 0.3453125 0.6609375
1 0.596875 0.66953125 0.275 0.6609375
4 0.765625 0.77578125 0.346875 0.4484375