0 0.209375 0.23984375 0.41875 0.4796875
0 0.91015625 0.23984375 0.1796875 0.4796875
0 0.70625 0.221875 0.23125 0.44375
0 0.609375 0.17109375 0.11875 0.3421875
1 0.5125 0.5875 0.075 0.215625
1 0.36953125 0.67421875 0.2484375 0.3890625
1 0.23515625 0.58125 0.1578125 0.203125
3 0.41171875 0.4984375 0.1046875 0.0375
3 0.2109375 0.50546875 0.06875 0.0515625
3 0.6140625 0.70546875 0.0984375 0.134375
3 0.74609375 0.53203125 0.0828125 0.1046875
1 0.65078125 0.803125 0.2015625 0.39375
1 0.7546875 0.73984375 0.409375 0.5203125