0 0.11328125 0.2796875 0.2265625 0.559375
0 0.22265625 0.2796875 0.1546875 0.559375
0 0.1609375 0.2375 0.221875 0.475
2 0.23515625 0.02578125 0.0921875 0.0515625
2 0.12578125 0.03515625 0.1078125 0.0703125
2 0.0359375 0.040625 0.071875 0.08125
1 0.9234375 0.2796875 0.153125 0.559375
1 0.83828125 0.3015625 0.2703125 0.515625
1 0.55703125 0.303125 0.3765625 0.5125
1 0.62578125 0.3453125 0.2078125 0.428125
1 0.38515625 0.346875 0.1703125 0.425
1 0.93125 0.29765625 0.1375 0.3984375
1 0.15 0.86015625 0.3 0.2796875
1 0.403125 0.7796875 0.20625 0.440625
1 0.8265625 0.7796875 0.346875 0.440625
3 0.33515625 0.60703125 0.0703125 0.0953125