0 0.5546875 0.3515625 0.06875 0.275
0 0.45 0.303125 0.096875 0.371875
0 0.1109375 0.325 0.11875 0.328125
0 0.24453125 0.32890625 0.084375 0.2453125
2 0.55234375 0.265625 0.040625 0.1
2 0.44921875 0.21171875 0.0578125 0.1140625
2 0.23984375 0.2546875 0.0359375 0.0578125
2 0.11484375 0.22890625 0.075 0.11875
2 0.01328125 0.27421875 0.0265625 0.1421875
0 0.9125 0.36484375 0.175 0.2484375
0 0.65 0.37109375 0.096875 0.2359375
0 0.8171875 0.353125 0.090625 0.271875
0 0.48046875 0.56796875 0.0984375 0.1578125
0 0.3015625 0.57109375 0.08125 0.1640625
2 0.4828125 0.51015625 0.0375 0.0421875
2 0.315625 0.51484375 0.059375 0.0515625