0 0.1171875 0.790625 0.13125 0.41875
0 0.278125 0.83046875 0.0734375 0.3390625
0 0.3859375 0.78203125 0.0953125 0.4359375
0 0.725 0.80390625 0.11875 0.3921875
0 0.875 0.8171875 0.134375 0.365625
0 0.88359375 0.51796875 0.125 0.14375
0 0.59140625 0.77578125 0.084375 0.2453125
2 0.12265625 0.653125 0.06875 0.134375
2 0.28359375 0.7125 0.040625 0.1015625
2 0.38671875 0.65859375 0.0578125 0.1140625
2 0.59609375 0.7015625 0.0359375 0.0578125
2 0.72109375 0.67578125 0.075 0.11875
2 0.86640625 0.721875 0.115625 0.1421875
2 0.865625 0.4953125 0.053125 0.04375