1 0.6421875 0.06953125 0.1140625 0.1296875
1 0.515625 0.059375 0.09375 0.11875
1 0.51015625 0.16953125 0.0828125 0.1203125
1 0.53828125 0.30390625 0.134375 0.1625
1 0.640625 0.2859375 0.1390625 0.1546875
1 0.721875 0.20546875 0.1546875 0.128125
3 0.51484375 0.0625 0.075 0.06875
3 0.64140625 0.071875 0.065625 0.0578125
3 0.721875 0.21796875 0.0703125 0.0859375
3 0.6234375 0.27421875 0.05625 0.0890625
3 0.56875 0.25546875 0.059375 0.0734375
3 0.50859375 0.1640625 0.0703125 0.0796875
4 0.25859375 0.61328125 0.4203125 0.4265625
1 0.23515625 0.69921875 0.4671875 0.5984375
1 0.4109375 0.65859375 0.115625 0.5171875
3 0.63046875 0.5046875 0.3234375 0.209375
3 0.49921875 0.49609375 0.0609375 0.1328125
1 0.734375 0.7 0.53125 0.6
1 0.5453125 0.709375 0.153125 0.58125
1 0.50390625 0.76796875 0.0703125 0.4640625