0 0.25390625 0.396875 0.3203125 0.24375
2 0.31171875 0.3890625 0.0828125 0.1234375
1 0.89296875 0.259375 0.2140625 0.51875
3 0.94296875 0.03125 0.1140625 0.0625
0 0.64375 0.78203125 0.15 0.4359375
0 0.3375 0.81328125 0.384375 0.3734375
0 0.08671875 0.7796875 0.1734375 0.440625
0 0.20859375 0.74609375 0.175 0.3953125
2 0.671875 0.75 0.09375 0.34375
2 0.33671875 0.79296875 0.1890625 0.2859375
2 0.18984375 0.67265625 0.0765625 0.153125
2 0.06796875 0.66328125 0.115625 0.18125
2 0.303125 0.54609375 0.059375 0.0546875
0 0.859375 0.759375 0.28125 0.48125