0 0.13046875 0.3921875 0.1859375 0.39375
0 0.2546875 0.38125 0.196875 0.415625
0 0.0609375 0.41171875 0.121875 0.3546875
2 0.4234375 0.284375 0.03125 0.184375
2 0.2515625 0.25859375 0.09375 0.121875
2 0.1328125 0.29296875 0.090625 0.134375
2 0.05 0.30390625 0.0796875 0.1015625
0 0.48203125 0.42890625 0.0859375 0.3203125
0 0.6375 0.43359375 0.240625 0.3109375
0 0.803125 0.42890625 0.109375 0.3203125
0 0.91171875 0.409375 0.1703125 0.359375
2 0.6328125 0.34453125 0.071875 0.1234375
2 0.7921875 0.33359375 0.0515625 0.1125
2 0.8890625 0.3234375 0.06875 0.128125
0 0.340625 0.79453125 0.196875 0.4109375
0 0.03125 0.78125 0.0625 0.384375
2 0.0828125 0.65390625 0.0625 0.09375
2 0.028125 0.62265625 0.05625 0.0671875
4 0.76640625 0.7609375 0.1390625 0.325
4 0.596875 0.765625 0.175 0.353125
0 0.90703125 0.79453125 0.1859375 0.4109375
0 0.7765625 0.79453125 0.1875 0.4109375
0 0.609375 0.79453125 0.221875 0.4109375