3 0.66015625 0.146875 0.1015625 0.13125
3 0.7578125 0.04921875 0.14375 0.0984375
1 0.8046875 0.2046875 0.390625 0.409375
1 0.7109375 0.24375 0.203125 0.33125
1 0.1703125 0.7046875 0.340625 0.590625
1 0.3265625 0.83671875 0.23125 0.3265625
3 0.12734375 0.68046875 0.2546875 0.5109375
3 0.3 0.75703125 0.128125 0.146875
1 0.953125 0.64765625 0.09375 0.3421875
1 0.8875 0.671875 0.1015625 0.371875
1 0.80859375 0.715625 0.16875 0.5625
3 0.7734375 0.48828125 0.06875 0.0875
3 0.8875 0.521875 0.0453125 0.0375
3 0.9421875 0.51640625 0.053125 0.046875
3 0.8265625 0.51953125 0.0359375 0.053125