0 0.08828125 0.24453125 0.1765625 0.4890625
0 0.1640625 0.24453125 0.2 0.4890625
2 0.16953125 0.04296875 0.1203125 0.0859375
0 0.44296875 0.27734375 0.1796875 0.4234375
0 0.54921875 0.27890625 0.1890625 0.4203125
0 0.75234375 0.28125 0.1984375 0.415625
0 0.94375 0.31171875 0.1125 0.3546875
0 0.865625 0.28203125 0.19375 0.4140625
2 0.46328125 0.19765625 0.1015625 0.140625
2 0.59296875 0.2046875 0.1453125 0.184375
2 0.76875 0.19296875 0.1109375 0.175
2 0.88203125 0.1953125 0.1203125 0.1609375
2 0.96796875 0.24609375 0.0640625 0.1703125
1 0.0828125 0.74765625 0.165625 0.5046875
1 0.228125 0.76484375 0.24375 0.4703125
3 0.68515625 0.50234375 0.0890625 0.0265625
1 0.7703125 0.74453125 0.346875 0.5109375
1 0.4890625 0.74453125 0.278125 0.5109375