0 0.23203125 0.31953125 0.4640625 0.6390625
2 0.0578125 0.26640625 0.115625 0.1796875
3 0.71328125 0.315625 0.0546875 0.059375
3 0.81875 0.26328125 0.05 0.0453125
3 0.5953125 0.3328125 0.053125 0.0328125
1 0.84609375 0.42109375 0.15 0.396875
1 0.75625 0.43046875 0.115625 0.3203125
1 0.62578125 0.4109375 0.075 0.20625
1 0.546875 0.36640625 0.0625 0.140625
1 0.52578125 0.4390625 0.0515625 0.334375
1 0.259375 0.81953125 0.48125 0.3609375
3 0.228125 0.70625 0.284375 0.134375
4 0.28203125 0.8640625 0.4359375 0.271875
1 0.81484375 0.81953125 0.3703125 0.3609375
1 0.73046875 0.80234375 0.2828125 0.3265625
3 0.51328125 0.6609375 0.0265625 0.040625