0 0.29921875 0.26484375 0.0609375 0.5296875
0 0.22421875 0.26484375 0.1515625 0.5296875
0 0.08046875 0.26484375 0.1609375 0.5296875
0 0.05 0.26484375 0.1 0.5296875
2 0.30625 0.09296875 0.046875 0.1359375
2 0.20546875 0.0859375 0.084375 0.1296875
2 0.08046875 0.09453125 0.103125 0.146875
3 0.9203125 0.2140625 0.1359375 0.1171875
3 0.70625 0.0578125 0.125 0.115625
4 0.73203125 0.30390625 0.1421875 0.3265625
4 0.909375 0.41328125 0.175 0.2328125
1 0.903125 0.328125 0.19375 0.403125
1 0.728125 0.26484375 0.1875 0.5296875
1 0.24921875 0.8140625 0.1609375 0.371875
1 0.68203125 0.78125 0.4109375 0.4375
1 0.4671875 0.86171875 0.15 0.2765625
3 0.6484375 0.671875 0.096875 0.1453125