0 0.03203125 0.2546875 0.0640625 0.509375
0 0.16875 0.1953125 0.14375 0.390625
2 0.190625 0.01328125 0.103125 0.0265625
1 0.49765625 0.059375 0.1484375 0.11875
1 0.71875 0.08046875 0.115625 0.1609375
1 0.80546875 0.19453125 0.1734375 0.3890625
1 0.9390625 0.246875 0.121875 0.49375
1 0.3125 0.078125 0.10625 0.15625
1 0.1296875 0.809375 0.259375 0.38125
3 0.028125 0.6625 0.05625 0.0875
0 0.734375 0.809375 0.53125 0.38125
0 0.36328125 0.94609375 0.1359375 0.1078125
0 0.478125 0.95390625 0.15625 0.0921875
2 0.58046875 0.76484375 0.2765625 0.2703125
2 0.29296875 0.934375 0.0671875 0.13125
2 0.3953125 0.9625 0.065625 0.075
2 0.4625 0.9625 0.090625 0.075