2 0.47421875 0.17890625 0.2296875 0.3578125
2 0.05234375 0.26484375 0.1046875 0.5234375
1 0.9390625 0.3953125 0.121875 0.615625
1 0.83125 0.521875 0.240625 0.35
3 0.95625 0.16328125 0.0875 0.1359375
3 0.82734375 0.42578125 0.0984375 0.09375
1 0.31953125 0.859375 0.3703125 0.28125
1 0.14453125 0.859375 0.2890625 0.28125
3 0.2375 0.7625 0.128125 0.0875
3 0.0671875 0.77734375 0.134375 0.1171875
1 0.896875 0.84453125 0.20625 0.2515625
1 0.76875 0.859375 0.24375 0.28125
1 0.67734375 0.859375 0.1765625 0.28125