0 0.1671875 0.225 0.334375 0.45
0 0.384375 0.225 0.325 0.45
2 0.22109375 0.04375 0.2078125 0.0875
2 0.41953125 0.059375 0.1796875 0.11875
2 0.52578125 0.08203125 0.1203125 0.1640625
2 0.60703125 0.09765625 0.0453125 0.1609375
1 0.81484375 0.225 0.3703125 0.45
3 0.90078125 0.171875 0.1984375 0.34375
4 0.81484375 0.3734375 0.3703125 0.153125
4 0.36015625 0.8421875 0.3890625 0.315625
1 0.33828125 0.725 0.5828125 0.55
1 0.6671875 0.81484375 0.075 0.2984375
1 0.6890625 0.83046875 0.096875 0.2609375
1 0.746875 0.8359375 0.1078125 0.26875
1 0.8078125 0.8671875 0.121875 0.265625
1 0.88828125 0.8609375 0.1203125 0.278125
3 0.65390625 0.70859375 0.0375 0.046875
3 0.771875 0.7265625 0.03125 0.040625
3 0.75234375 0.69921875 0.0421875 0.0421875
3 0.83203125 0.7625 0.040625 0.046875
3 0.9109375 0.74140625 0.0375 0.034375