0 0.28671875 0.16953125 0.2046875 0.3390625
0 0.05234375 0.13203125 0.1046875 0.2640625
3 0.6984375 0.2125 0.059375 0.05625
3 0.4421875 0.2859375 0.0515625 0.0578125
3 0.5609375 0.27421875 0.0515625 0.0296875
3 0.7390625 0.2234375 0.03125 0.03125
1 0.43203125 0.29375 0.0859375 0.090625
1 0.54921875 0.296875 0.0609375 0.084375
1 0.615625 0.28203125 0.053125 0.1140625
1 0.69765625 0.26171875 0.1203125 0.1546875
1 0.265625 0.7765625 0.246875 0.446875
3 0.33203125 0.6546875 0.1140625 0.18125
4 0.30078125 0.88984375 0.1765625 0.2203125
1 0.6484375 0.83984375 0.371875 0.3203125
3 0.53515625 0.80078125 0.0953125 0.1265625