0 0.203125 0.2046875 0.3375 0.409375
2 0.14609375 0.11953125 0.15625 0.2375
3 0.9734375 0.26953125 0.053125 0.1203125
3 0.88515625 0.13046875 0.11875 0.109375
3 0.7203125 0.18125 0.1328125 0.1859375
1 0.7265625 0.24453125 0.215625 0.3296875
1 0.896875 0.23125 0.20625 0.35625
0 0.18203125 0.7046875 0.3640625 0.590625
0 0.54140625 0.6859375 0.1546875 0.378125
0 0.4515625 0.715625 0.15625 0.3109375
0 0.33828125 0.73984375 0.1765625 0.30625
2 0.20703125 0.50703125 0.2953125 0.1953125
2 0.5375 0.59765625 0.1296875 0.140625
2 0.4125 0.646875 0.071875 0.0953125
2 0.3453125 0.6515625 0.0953125 0.0921875
0 0.809375 0.79765625 0.38125 0.4046875
0 0.67578125 0.7046875 0.1140625 0.590625
2 0.6703125 0.51640625 0.103125 0.2140625
2 0.7140625 0.7515625 0.190625 0.221875