0 0.2265625 0.2671875 0.415625 0.44375
2 0.28515625 0.14375 0.16875 0.196875
4 0.16875 0.36484375 0.2875 0.2484375
1 0.66953125 0.41171875 0.0796875 0.1546875
1 0.70546875 0.19375 0.1453125 0.3875
1 0.965625 0.071875 0.06875 0.14375
1 0.6734375 0.08203125 0.0875 0.1640625
0 0.1953125 0.75 0.14375 0.5
0 0.0796875 0.75078125 0.159375 0.4984375
0 0.42265625 0.7359375 0.1609375 0.39375
0 0.58671875 0.75625 0.0859375 0.484375
2 0.4390625 0.584375 0.096875 0.0765625
2 0.1984375 0.5640625 0.08125 0.1171875
2 0.07890625 0.590625 0.1265625 0.1109375
2 0.58203125 0.5796875 0.0953125 0.109375
1 0.8953125 0.74453125 0.209375 0.5109375
1 0.690625 0.74453125 0.121875 0.5109375
3 0.96953125 0.51796875 0.0609375 0.0578125
3 0.834375 0.57109375 0.0796875 0.0796875