0 0.62578125 0.26484375 0.2484375 0.3484375
0 0.47578125 0.32265625 0.2359375 0.2328125
0 0.34765625 0.32265625 0.2234375 0.2328125
0 0.2046875 0.31953125 0.2375 0.2390625
0 0.13203125 0.26640625 0.2640625 0.3453125
2 0.5796875 0.22734375 0.1265625 0.146875
2 0.4234375 0.3109375 0.1 0.1421875
2 0.30390625 0.31796875 0.0984375 0.1359375
2 0.18125 0.34140625 0.11875 0.15625
2 0.08984375 0.2359375 0.1375 0.1609375
2 0.02109375 0.2625 0.0421875 0.1625
1 0.875 0.21953125 0.25 0.4390625
4 0.87578125 0.26171875 0.2484375 0.3546875
1 0.18203125 0.790625 0.2296875 0.41875
1 0.32578125 0.7765625 0.1234375 0.1984375
1 0.484375 0.75078125 0.140625 0.203125
3 0.13125 0.63359375 0.0796875 0.0703125
3 0.30078125 0.70703125 0.0328125 0.0328125
0 0.79921875 0.71953125 0.0984375 0.5609375
0 0.8875 0.72265625 0.225 0.5546875
0 0.8453125 0.7640625 0.190625 0.471875
2 0.8609375 0.6046875 0.1671875 0.2234375
2 0.7859375 0.646875 0.071875 0.18125
4 0.89609375 0.78515625 0.2078125 0.2640625