0 0.321875 0.2046875 0.1125 0.228125
0 0.51953125 0.1875 0.0390625 0.2625
0 0.11171875 0.2078125 0.1015625 0.221875
2 0.3140625 0.13515625 0.0609375 0.05625
2 0.5296875 0.0953125 0.01875 0.05625
2 0.20390625 0.1546875 0.0390625 0.05
2 0.1046875 0.15390625 0.0453125 0.0484375
1 0.71875 0.26484375 0.359375 0.1078125
1 0.26953125 0.665625 0.5390625 0.66875
1 0.44296875 0.5265625 0.1921875 0.415625
1 0.08046875 0.54453125 0.1609375 0.4515625
4 0.30390625 0.77109375 0.39375 0.390625
4 0.05234375 0.46640625 0.1046875 0.1515625
4 0.45859375 0.45546875 0.1609375 0.2515625
3 0.24765625 0.45625 0.2671875 0.1390625
3 0.0515625 0.35390625 0.103125 0.0609375
1 0.63203125 0.659375 0.1859375 0.68125
4 0.61796875 0.721875 0.1578125 0.55625