0 0.4609375 0.1734375 0.084375 0.2640625
0 0.58671875 0.215625 0.0984375 0.3359375
0 0.70703125 0.26640625 0.0859375 0.3203125
0 0.02421875 0.27265625 0.0484375 0.2140625
2 0.7171875 0.16015625 0.065625 0.0921875
2 0.59375 0.10234375 0.0640625 0.0921875
2 0.46015625 0.09140625 0.0515625 0.0796875
2 0.01484375 0.2453125 0.0296875 0.09375
1 0.9296875 0.309375 0.140625 0.61875
1 0.81875 0.309375 0.1375 0.61875
1 0.56796875 0.834375 0.2359375 0.33125
3 0.58359375 0.7390625 0.0953125 0.103125
4 0.5921875 0.88828125 0.15625 0.2234375
4 0.83515625 0.85390625 0.1234375 0.2921875
1 0.95078125 0.809375 0.0984375 0.38125
1 0.8359375 0.809375 0.14375 0.38125