2 0.92578125 0.784375 0.140625 0.1484375
2 0.66328125 0.59375 0.0484375 0.0671875
2 0.5890625 0.53359375 0.0359375 0.034375
2 0.41796875 0.54921875 0.021875 0.021875
2 0.35078125 0.5515625 0.0203125 0.021875
2 0.284375 0.50390625 0.0328125 0.0328125
2 0.446875 0.58046875 0.0296875 0.028125
0 0.8953125 0.853125 0.209375 0.2828125
0 0.69921875 0.7328125 0.125 0.340625
0 0.59140625 0.68046875 0.0953125 0.325
0 0.45703125 0.62109375 0.090625 0.109375
0 0.2890625 0.60546875 0.078125 0.24375
0 0.3515625 0.59375 0.046875 0.1109375
0 0.41328125 0.59609375 0.04375 0.11875