0 0.05390625 0.26953125 0.1078125 0.5390625
0 0.3484375 0.26953125 0.3625 0.5390625
1 0.37578125 0.76953125 0.1046875 0.4609375
1 0.50078125 0.78671875 0.0578125 0.4265625
1 0.03671875 0.78671875 0.0734375 0.4265625
1 0.16171875 0.8 0.1390625 0.4
3 0.0453125 0.60234375 0.0578125 0.059375
3 0.36875 0.57109375 0.0875 0.0640625
3 0.5109375 0.603125 0.0375 0.075
1 0.56484375 0.95546875 0.0703125 0.0890625
1 0.7078125 0.95625 0.084375 0.0875
1 0.859375 0.9578125 0.078125 0.084375
1 0.91171875 0.96171875 0.0609375 0.0765625
1 0.97421875 0.9265625 0.0515625 0.146875
3 0.57421875 0.93046875 0.025 0.0375
3 0.55078125 0.90625 0.0375 0.0375
3 0.6390625 0.9578125 0.034375 0.0421875
3 0.71328125 0.92578125 0.0328125 0.0296875
3 0.871875 0.93984375 0.0296875 0.0265625
3 0.9109375 0.9359375 0.034375 0.0328125
3 0.9875 0.90078125 0.025 0.0265625