0 0.078125 0.16953125 0.15625 0.3390625
3 0.9640625 0.14296875 0.0546875 0.053125
1 0.92578125 0.2265625 0.1203125 0.225
1 0.83046875 0.23515625 0.1296875 0.2078125
0 0.609375 0.7203125 0.08125 0.3375
0 0.521875 0.6234375 0.165625 0.25
0 0.4125 0.5296875 0.1203125 0.19375
0 0.33125 0.509375 0.0828125 0.1453125
0 0.22890625 0.50234375 0.0859375 0.1484375
0 0.6953125 0.68046875 0.090625 0.4484375
0 0.75703125 0.66171875 0.1578125 0.425
0 0.91640625 0.67734375 0.1109375 0.3015625
2 0.68359375 0.52890625 0.0625 0.0984375
2 0.76328125 0.55390625 0.0359375 0.0875
2 0.91484375 0.57109375 0.0578125 0.06875