2 0.41796875 0.41015625 0.1671875 0.1796875
2 0.3421875 0.33359375 0.128125 0.140625
2 0.23046875 0.4140625 0.1203125 0.1265625
2 0.06171875 0.3890625 0.1234375 0.190625
2 0.06953125 0.309375 0.1109375 0.0984375
2 0.028125 0.21796875 0.05625 0.0796875
2 0.22109375 0.1640625 0.0609375 0.06875
2 0.17421875 0.2109375 0.0765625 0.078125
2 0.16015625 0.31640625 0.084375 0.1078125
2 0.34140625 0.21171875 0.090625 0.096875
0 0.4265625 0.41328125 0.2625 0.1734375
0 0.090625 0.39609375 0.18125 0.2078125
0 0.2390625 0.41953125 0.23125 0.1609375
0 0.23828125 0.29765625 0.1203125 0.3484375
0 0.184375 0.2796875 0.0859375 0.2234375
0 0.34375 0.25234375 0.1 0.16875
0 0.03203125 0.24140625 0.0640625 0.1234375
0 0.35078125 0.37890625 0.1453125 0.2421875
0 0.07265625 0.37890625 0.1234375 0.2421875
0 0.903125 0.45703125 0.128125 0.0859375
1 0.5578125 0.75 0.14375 0.5
1 0.4421875 0.7390625 0.215625 0.478125
1 0.15546875 0.75 0.3078125 0.5
1 0.23125 0.68125 0.16875 0.3625
1 0.56015625 0.63515625 0.1390625 0.2703125