2 0.11953125 0.06640625 0.2390625 0.1328125
0 0.21796875 0.2546875 0.4359375 0.509375
4 0.18203125 0.43125 0.3640625 0.15625
0 0.74453125 0.309375 0.2703125 0.4
0 0.534375 0.2546875 0.190625 0.509375
2 0.78671875 0.23359375 0.1296875 0.2234375
2 0.53515625 0.18125 0.1921875 0.3
0 0.39921875 0.925 0.0796875 0.15
0 0.19296875 0.93203125 0.0671875 0.1359375
0 0.10625 0.91640625 0.075 0.1671875
0 0.625 0.79296875 0.23125 0.4140625
0 0.95625 0.7546875 0.0875 0.490625
2 0.675 0.6703125 0.1046875 0.1359375
2 0.98515625 0.58515625 0.0296875 0.1515625