0 0.5125 0.275 0.153125 0.55
0 0.19609375 0.275 0.3921875 0.55
2 0.26484375 0.0828125 0.1734375 0.165625
4 0.5375 0.3171875 0.103125 0.465625
4 0.15703125 0.25 0.3140625 0.4125
1 0.8 0.275 0.4 0.55
3 0.86484375 0.11875 0.2703125 0.2375
4 0.8296875 0.371875 0.340625 0.35625
1 0.04140625 0.8046875 0.0828125 0.390625
3 0.02265625 0.659375 0.0453125 0.08125
4 0.01796875 0.871875 0.0359375 0.25625
4 0.2234375 0.96796875 0.10625 0.0640625
4 0.4984375 0.91953125 0.084375 0.1609375
4 0.3546875 0.990625 0.05 0.01875
3 0.4671875 0.76015625 0.059375 0.059375
3 0.5734375 0.88046875 0.03125 0.0390625
3 0.4234375 0.8515625 0.0390625 0.03125
3 0.30546875 0.9203125 0.0421875 0.0671875
3 0.16796875 0.921875 0.01875 0.0171875
3 0.12109375 0.9234375 0.0265625 0.021875
3 0.35546875 0.95703125 0.03125 0.0265625
3 0.80703125 0.96171875 0.1328125 0.0765625
3 0.62265625 0.8078125 0.0671875 0.140625
4 0.6375 0.95234375 0.096875 0.0953125
1 0.6453125 0.85859375 0.1125 0.2828125