2 0.04609375 0.41796875 0.0921875 0.1640625
2 0.25078125 0.19765625 0.05625 0.0734375
2 0.3171875 0.12890625 0.040625 0.0390625
0 0.08671875 0.43984375 0.1734375 0.2203125
0 0.23203125 0.33984375 0.165625 0.353125
0 0.3328125 0.275 0.134375 0.334375
0 0.428125 0.19921875 0.04375 0.1203125
0 0.821875 0.275 0.35625 0.55
0 0.6125 0.275 0.325 0.55
0 0.51015625 0.275 0.1203125 0.55
2 0.5265625 0.05 0.153125 0.1
4 0.85859375 0.24375 0.2828125 0.4875
4 0.565625 0.17421875 0.2296875 0.25625
0 0.0546875 0.89609375 0.109375 0.2078125
2 0.009375 0.86171875 0.01875 0.0796875
0 0.77265625 0.8171875 0.1921875 0.2828125
2 0.74609375 0.7453125 0.065625 0.0796875