0 0.159375 0.259375 0.31875 0.51875
2 0.12265625 0.03671875 0.1234375 0.0734375
1 0.659375 0.2796875 0.68125 0.478125
3 0.67890625 0.19140625 0.45 0.2671875
1 0.17578125 0.75703125 0.2859375 0.4765625
3 0.52734375 0.5640625 0.1125 0.0828125
3 0.3296875 0.640625 0.021875 0.071875
3 0.425 0.64765625 0.0796875 0.059375
3 0.659375 0.58125 0.090625 0.084375
3 0.7875 0.553125 0.109375 0.06875
1 0.9015625 0.759375 0.196875 0.48125
1 0.70234375 0.7609375 0.2359375 0.478125
1 0.58828125 0.759375 0.2671875 0.48125
1 0.45546875 0.80078125 0.1703125 0.3984375
1 0.3859375 0.79609375 0.134375 0.4078125
1 0.76640625 0.728125 0.0609375 0.2015625
1 0.8171875 0.759375 0.2 0.48125