0 0.23828125 0.29453125 0.1015625 0.5890625
0 0.12109375 0.29453125 0.2421875 0.5890625
0 0.5421875 0.2421875 0.50625 0.484375
0 0.92890625 0.12109375 0.1421875 0.2421875
0 0.86015625 0.12265625 0.1765625 0.2453125
0 0.74921875 0.1375 0.1953125 0.275
2 0.934375 0.01875 0.13125 0.0375
2 0.8171875 0.03515625 0.078125 0.0703125
2 0.74921875 0.0390625 0.1015625 0.078125
4 0.18359375 0.93046875 0.2109375 0.1390625
1 0.15234375 0.83671875 0.2734375 0.3265625
1 0.2578125 0.79453125 0.0625 0.4109375
3 0.5875 0.97890625 0.0625 0.0421875
3 0.62890625 0.98984375 0.0328125 0.0203125