0 0.425 0.24921875 0.228125 0.2390625
0 0.09921875 0.2015625 0.1984375 0.334375
0 0.25078125 0.24375 0.1859375 0.25
0 0.2765625 0.184375 0.21875 0.36875
2 0.12578125 0.10234375 0.1625 0.11875
2 0.2359375 0.16875 0.1125 0.1
2 0.29765625 0.053125 0.1171875 0.10625
2 0.4671875 0.1953125 0.14375 0.153125
2 0.15546875 0.0296875 0.1359375 0.059375
0 0.94609375 0.184375 0.1078125 0.36875
0 0.58828125 0.184375 0.0984375 0.36875
0 0.69296875 0.08984375 0.2828125 0.1796875
2 0.96015625 0.1 0.0796875 0.1375
1 0.06171875 0.684375 0.1234375 0.63125
4 0.8453125 0.6078125 0.278125 0.33125
1 0.85 0.684375 0.3 0.63125