0 0.221875 0.28984375 0.15625 0.5796875
0 0.14765625 0.28984375 0.2953125 0.5796875
0 0.04453125 0.28984375 0.0890625 0.5796875
0 0.0765625 0.21640625 0.153125 0.3984375
0 0.18203125 0.2109375 0.1796875 0.421875
3 0.86171875 0.27734375 0.109375 0.09375
3 0.60625 0.359375 0.13125 0.10625
3 0.41953125 0.27109375 0.1078125 0.0875
1 0.4609375 0.40078125 0.321875 0.3578125
1 0.6625 0.4328125 0.284375 0.29375
1 0.85859375 0.39921875 0.2828125 0.3609375
1 0.15 0.78984375 0.3 0.4203125
3 0.2 0.7578125 0.2 0.31875
4 0.1625 0.91015625 0.275 0.1796875
0 0.67421875 0.89453125 0.3328125 0.2109375
0 0.70859375 0.78984375 0.2265625 0.4203125
0 0.57109375 0.78984375 0.2109375 0.4203125
0 0.4421875 0.82109375 0.284375 0.3578125
2 0.65703125 0.90078125 0.1484375 0.178125
2 0.67578125 0.6203125 0.0953125 0.08125
2 0.55859375 0.64609375 0.1046875 0.1328125
2 0.3484375 0.77265625 0.096875 0.1765625