2 0.571875 0.396875 0.16875 0.146875
2 0.5265625 0.26796875 0.103125 0.103125
2 0.58046875 0.07109375 0.0703125 0.06875
2 0.6390625 0.04453125 0.06875 0.0609375
0 0.5078125 0.40546875 0.396875 0.1890625
0 0.546875 0.35703125 0.240625 0.2859375
0 0.59921875 0.234375 0.1921875 0.3953125
0 0.75625 0.025 0.059375 0.05
0 0.63359375 0.1125 0.1046875 0.203125
0 0.63125 0.03515625 0.06875 0.0703125
0 0.59453125 0.0109375 0.0515625 0.021875
0 0.66484375 0.815625 0.2890625 0.36875
0 0.26640625 0.80859375 0.2265625 0.3828125
2 0.65703125 0.71171875 0.1109375 0.115625
2 0.40546875 0.76171875 0.06875 0.096875
2 0.34140625 0.71015625 0.0984375 0.0859375
4 0.91484375 0.9109375 0.1703125 0.178125
1 0.91484375 0.75 0.1703125 0.5