0 0.25078125 0.25234375 0.090625 0.2375
2 0.346875 0.46171875 0.053125 0.05625
2 0.2703125 0.1609375 0.04375 0.05625
2 0.5171875 0.58671875 0.0421875 0.040625
2 0.321875 0.709375 0.046875 0.0609375
2 0.4453125 0.6609375 0.071875 0.06875
2 0.775 0.6328125 0.05 0.05625
2 0.83984375 0.6109375 0.0578125 0.05625
2 0.9015625 0.65625 0.0328125 0.0296875
0 0.91015625 0.78359375 0.0953125 0.284375
0 0.85078125 0.79296875 0.1046875 0.4046875
0 0.78046875 0.7984375 0.096875 0.3953125
0 0.509375 0.6609375 0.0984375 0.196875
0 0.3171875 0.83984375 0.103125 0.3203125
0 0.4453125 0.809375 0.153125 0.3734375
0 0.33203125 0.59140625 0.0953125 0.325