2 0.0390625 0.2546875 0.0484375 0.0421875
2 0.16328125 0.26640625 0.0515625 0.04375
2 0.209375 0.2546875 0.0453125 0.0421875
0 0.159375 0.36015625 0.153125 0.2390625
0 0.24453125 0.375 0.0703125 0.209375
0 0.20234375 0.35703125 0.0828125 0.2453125
0 0.0484375 0.3578125 0.096875 0.24375
0 0.00546875 0.3546875 0.0109375 0.125
0 0.11796875 0.3625 0.053125 0.175
0 0.08359375 0.32734375 0.0234375 0.115625
0 0.41796875 0.23984375 0.2765625 0.4796875
0 0.7984375 0.23984375 0.39375 0.4796875
0 0.4640625 0.515625 0.15625 0.071875
0 0.6078125 0.54921875 0.115625 0.1390625