2 0.23515625 0.275 0.096875 0.090625
2 0.365625 0.23359375 0.1 0.109375
0 0.1921875 0.32109375 0.384375 0.4765625
0 0.3671875 0.33203125 0.165625 0.4546875
0 0.8609375 0.2796875 0.278125 0.559375
0 0.66484375 0.33984375 0.4234375 0.4390625
2 0.7390625 0.25625 0.159375 0.221875
2 0.80859375 0.12421875 0.2359375 0.2484375
0 0.35390625 0.878125 0.1921875 0.24375
0 0.11484375 0.7796875 0.2296875 0.440625
2 0.08359375 0.67109375 0.1671875 0.2234375
2 0.36484375 0.8796875 0.146875 0.15625
1 0.57578125 0.61171875 0.1515625 0.1046875