2 0.96171875 0.23125 0.0765625 0.10625
2 0.903125 0.27734375 0.0984375 0.0703125
2 0.6703125 0.27265625 0.084375 0.0578125
2 0.55234375 0.29375 0.065625 0.05625
0 0.53046875 0.4203125 0.1421875 0.31875
0 0.66640625 0.4125 0.1203125 0.334375
0 0.9546875 0.37890625 0.090625 0.4015625
0 0.9046875 0.41171875 0.128125 0.3359375
0 0.325 0.8296875 0.26875 0.340625
0 0.1015625 0.78984375 0.175 0.4203125
2 0.36015625 0.840625 0.1984375 0.31875
2 0.0953125 0.68359375 0.1125 0.1484375
1 0.721875 0.78984375 0.525 0.4203125
4 0.71015625 0.78984375 0.5015625 0.4203125