2 0.08515625 0.06328125 0.1703125 0.1265625
2 0.23125 0.10546875 0.215625 0.2109375
0 0.16953125 0.24453125 0.3390625 0.4890625
0 0.1921875 0.24453125 0.29375 0.4890625
4 0.115625 0.39375 0.23125 0.190625
0 0.63203125 0.3265625 0.115625 0.2703125
0 0.5015625 0.3328125 0.1375 0.3125
0 0.3875 0.35078125 0.096875 0.2765625
2 0.37890625 0.27265625 0.0796875 0.1015625
2 0.5125 0.23515625 0.075 0.0984375
2 0.64609375 0.2453125 0.0609375 0.084375
1 0.06875 0.74453125 0.1375 0.5109375
1 0.15078125 0.72109375 0.1515625 0.4640625
1 0.25078125 0.73828125 0.1765625 0.4984375
1 0.66953125 0.74453125 0.6609375 0.5109375
4 0.64296875 0.74453125 0.6078125 0.5109375