0 0.28671875 0.28984375 0.4078125 0.5796875
0 0.55078125 0.2421875 0.1171875 0.46875
0 0.4875 0.175 0.1875 0.35
2 0.35078125 0.15625 0.196875 0.2890625
2 0.528125 0.08671875 0.08125 0.1546875
0 0.8046875 0.31640625 0.390625 0.5265625
0 0.76953125 0.2703125 0.2703125 0.3015625
0 0.475 0.9625 0.13125 0.075
0 0.37734375 0.9046875 0.1703125 0.190625
0 0.065625 0.8953125 0.13125 0.209375
0 0.175 0.93046875 0.125 0.1390625
2 0.48984375 0.9640625 0.0578125 0.071875
2 0.3984375 0.91015625 0.0765625 0.121875
2 0.184375 0.91640625 0.0453125 0.0625
2 0.065625 0.86875 0.09375 0.1296875
4 0.68125 0.78984375 0.14375 0.4203125
1 0.74921875 0.78984375 0.2796875 0.4203125