0 0.14375 0.309375 0.2875 0.61875
0 0.41171875 0.309375 0.2765625 0.61875
2 0.66328125 0.19453125 0.140625 0.165625
2 0.959375 0.14921875 0.08125 0.1390625
0 0.90703125 0.3484375 0.1859375 0.540625
0 0.684375 0.36328125 0.26875 0.5109375
0 0.078125 0.8484375 0.15625 0.303125
0 0.25703125 0.8203125 0.2796875 0.359375
2 0.04140625 0.853125 0.0828125 0.29375
2 0.2359375 0.8 0.1640625 0.240625
1 0.76640625 0.90234375 0.1953125 0.1953125
1 0.81171875 0.903125 0.1734375 0.19375
1 0.58515625 0.9203125 0.0703125 0.159375
3 0.69609375 0.89296875 0.1140625 0.134375
3 0.76484375 0.84921875 0.1046875 0.0625
3 0.56640625 0.88203125 0.0328125 0.0390625