0 0.359375 0.36875 0.08125 0.446875
0 0.146875 0.36328125 0.278125 0.4296875
1 0.940625 0.38671875 0.11875 0.6453125
1 0.79765625 0.41484375 0.1484375 0.5890625
1 0.5078125 0.3921875 0.215625 0.634375
1 0.58984375 0.40390625 0.1203125 0.4734375
1 0.921875 0.3890625 0.0984375 0.3875
1 0.0953125 0.8546875 0.171875 0.290625
1 0.2703125 0.8546875 0.1125 0.290625
1 0.340625 0.8546875 0.115625 0.290625
0 0.93046875 0.8546875 0.1390625 0.290625
0 0.7609375 0.8546875 0.140625 0.290625
0 0.653125 0.8546875 0.15 0.290625
0 0.46484375 0.8546875 0.1296875 0.290625
2 0.946875 0.7546875 0.10625 0.090625
2 0.75234375 0.7296875 0.0953125 0.040625
2 0.62265625 0.740625 0.1359375 0.0625
2 0.44921875 0.728125 0.0984375 0.0375