0 0.29609375 0.1671875 0.3484375 0.334375
3 0.85 0.2 0.3 0.378125
1 0.85 0.19453125 0.3 0.3890625
0 0.25859375 0.821875 0.5171875 0.35625
0 0.515625 0.803125 0.36875 0.39375
2 0.1140625 0.771875 0.228125 0.21875
2 0.5859375 0.74921875 0.228125 0.1796875
4 0.27890625 0.93359375 0.5578125 0.1328125
4 0.6125 0.90703125 0.175 0.1859375
1 0.9671875 0.6515625 0.065625 0.34375
1 0.9171875 0.65703125 0.1140625 0.371875
1 0.83046875 0.6796875 0.1875 0.5640625
3 0.85078125 0.45078125 0.071875 0.0890625
3 0.95390625 0.5109375 0.046875 0.0390625
3 0.990625 0.51796875 0.01875 0.0484375
3 0.8953125 0.49453125 0.0375 0.053125