2 0.18203125 0.30390625 0.0859375 0.0796875
2 0.04765625 0.28125 0.0875 0.0984375
0 0.27265625 0.35390625 0.3203125 0.4703125
3 0.68125 0.17578125 0.0875 0.075
3 0.890625 0.2140625 0.09375 0.08125
1 0.675 0.35859375 0.19375 0.4609375
1 0.89765625 0.37109375 0.1578125 0.4359375
1 0.04921875 0.79453125 0.0984375 0.4109375
1 0.16640625 0.79453125 0.1328125 0.4109375
1 0.35078125 0.815625 0.1578125 0.36875
1 0.45234375 0.80703125 0.0734375 0.3859375
3 0.459375 0.64453125 0.059375 0.0640625
3 0.3453125 0.6828125 0.1046875 0.0921875
3 0.15 0.621875 0.075 0.065625
3 0.0453125 0.6171875 0.090625 0.05625
1 0.78828125 0.79375 0.1234375 0.409375
1 0.71875 0.72578125 0.10625 0.2734375
1 0.64296875 0.69921875 0.1328125 0.2203125
1 0.5125 0.6859375 0.046875 0.19375