2 0.18359375 0.4453125 0.05625 0.053125
2 0.23671875 0.4328125 0.05 0.0546875
2 0.315625 0.45546875 0.0625 0.053125
2 0.40703125 0.4265625 0.053125 0.0421875
2 0.52109375 0.43984375 0.046875 0.040625
2 0.64609375 0.446875 0.05 0.0421875
2 0.69140625 0.43359375 0.04375 0.040625
0 0.93359375 0.63515625 0.1296875 0.390625
0 0.6484375 0.63125 0.1390625 0.415625
0 0.73515625 0.5875 0.0671875 0.2765625
0 0.690625 0.6015625 0.0703125 0.3734375
0 0.06328125 0.59453125 0.0703125 0.2421875
0 0.12890625 0.58046875 0.0484375 0.2453125
0 0.17734375 0.65 0.0890625 0.4609375
0 0.30859375 0.65703125 0.1328125 0.4515625
0 0.24375 0.62421875 0.1046875 0.4453125
0 0.3984375 0.628125 0.103125 0.4453125
0 0.52421875 0.62734375 0.109375 0.4078125
0 0.4734375 0.54140625 0.04375 0.1234375
0 0.60390625 0.54453125 0.046875 0.1734375
0 0.56875 0.5109375 0.0203125 0.115625