0 0.02265625 0.1265625 0.0453125 0.253125
0 0.265625 0.10234375 0.1 0.2046875
0 0.31875 0.0890625 0.05625 0.178125
0 0.21328125 0.021875 0.0890625 0.04375
1 0.55546875 0.346875 0.1546875 0.44375
1 0.446875 0.34296875 0.13125 0.4515625
4 0.45390625 0.26328125 0.0984375 0.16875
3 0.46015625 0.146875 0.065625 0.0453125
3 0.55234375 0.1609375 0.059375 0.0671875
0 0.26484375 0.784375 0.2078125 0.43125
2 0.31640625 0.703125 0.1046875 0.2375
4 0.7953125 0.80234375 0.3 0.3953125
1 0.778125 0.784375 0.35 0.43125