2 0.1640625 0.01640625 0.04375 0.0328125
2 0.20625 0.01484375 0.04375 0.0296875
0 0.17890625 0.1921875 0.1140625 0.384375
0 0.23671875 0.20859375 0.1234375 0.4171875
0 0.284375 0.234375 0.16875 0.46875
0 0.38671875 0.25390625 0.1796875 0.5078125
1 0.7953125 0.29921875 0.409375 0.5984375
0 0.315625 0.89375 0.328125 0.2125
0 0.0984375 0.87421875 0.196875 0.2515625
2 0.34609375 0.90546875 0.2578125 0.1890625
2 0.05546875 0.8625 0.1109375 0.159375
1 0.6765625 0.8 0.39375 0.4
3 0.57578125 0.7375 0.1921875 0.234375