0 0.1796875 0.1796875 0.359375 0.359375
0 0.4640625 0.1796875 0.271875 0.359375
2 0.5671875 0.05625 0.065625 0.1125
2 0.228125 0.0328125 0.171875 0.065625
4 0.8078125 0.08515625 0.1625 0.1703125
4 0.6578125 0.178125 0.115625 0.35625
1 0.671875 0.1796875 0.14375 0.359375
1 0.80703125 0.1796875 0.2421875 0.359375
0 0.26875 0.728125 0.5375 0.54375
0 0.4796875 0.70546875 0.240625 0.5890625
2 0.1234375 0.58359375 0.246875 0.2140625
2 0.546875 0.55078125 0.10625 0.1765625
4 0.29140625 0.83984375 0.5828125 0.3203125
2 0.8796875 0.89921875 0.240625 0.2015625