4 0.66796875 0.05625 0.2171875 0.1125
0 0.68359375 0.18984375 0.2484375 0.3796875
0 0.1546875 0.68984375 0.309375 0.6203125
0 0.48671875 0.68984375 0.1453125 0.6203125
0 0.3 0.74296875 0.290625 0.5140625
2 0.1484375 0.51640625 0.24375 0.2734375
2 0.3140625 0.63828125 0.1890625 0.2734375
2 0.509375 0.4875 0.1 0.215625
2 0.41328125 0.4390625 0.1546875 0.11875
3 0.7171875 0.4765625 0.1125 0.121875
3 0.85546875 0.55390625 0.0546875 0.05
1 0.7296875 0.70234375 0.340625 0.5953125
1 0.8359375 0.7234375 0.1453125 0.4