0 0.13984375 0.25 0.2796875 0.5
1 0.9375 0.25 0.125 0.5
4 0.78046875 0.059375 0.1171875 0.1140625
4 0.49921875 0.08203125 0.1078125 0.1640625
4 0.39140625 0.11484375 0.09375 0.121875
4 0.61796875 0.12109375 0.0203125 0.028125
4 0.65390625 0.10234375 0.0546875 0.0515625
4 0.31328125 0.12109375 0.0453125 0.0625
3 0.4125 0.0234375 0.0421875 0.0421875
3 0.3140625 0.07265625 0.021875 0.0140625
3 0.6859375 0.02265625 0.05 0.0453125
3 0.6453125 0.05546875 0.0328125 0.0296875
4 0.25078125 0.87578125 0.0578125 0.2015625
4 0.16796875 0.92734375 0.09375 0.121875
4 0.08984375 0.93359375 0.0453125 0.0625
3 0.26015625 0.6953125 0.0390625 0.065625
3 0.1890625 0.8359375 0.0421875 0.0421875
3 0.090625 0.88515625 0.021875 0.0140625
0 0.40625 0.82109375 0.253125 0.3578125
0 0.72890625 0.75 0.3984375 0.5
0 0.540625 0.80390625 0.28125 0.3921875
0 0.50546875 0.75 0.3359375 0.5
2 0.61328125 0.58671875 0.1796875 0.1421875
2 0.51484375 0.66953125 0.1265625 0.115625
2 0.43515625 0.56484375 0.1328125 0.1234375
2 0.3265625 0.7328125 0.09375 0.175
2 0.56796875 0.5296875 0.1515625 0.059375