0 0.275 0.209375 0.55 0.41875
4 0.2328125 0.11640625 0.371875 0.2328125
1 0.884375 0.08359375 0.23125 0.1671875
0 0.12890625 0.81875 0.2203125 0.3625
0 0.30625 0.821875 0.09375 0.35625
0 0.409375 0.80859375 0.15 0.3828125
2 0.15078125 0.7015625 0.06875 0.121875
2 0.3109375 0.7078125 0.046875 0.1109375
2 0.4078125 0.70703125 0.065625 0.1265625
2 0.93671875 0.91640625 0.0640625 0.0578125
2 0.6828125 0.821875 0.075 0.0734375
0 0.91796875 0.940625 0.1578125 0.11875
0 0.67265625 0.890625 0.1109375 0.21875