0 0.171875 0.12265625 0.203125 0.2453125
0 0.28515625 0.2421875 0.1671875 0.3234375
2 0.24375 0.00703125 0.0625 0.0140625
2 0.3171875 0.12265625 0.0625 0.06875
0 0.940625 0.38125 0.11875 0.75625
0 0.715625 0.3828125 0.13125 0.378125
0 0.79375 0.4125 0.15625 0.3109375
0 0.90703125 0.43671875 0.1765625 0.30625
2 0.9453125 0.15703125 0.109375 0.2890625
2 0.7109375 0.29375 0.121875 0.140625
2 0.8328125 0.34375 0.071875 0.0953125
2 0.9 0.3484375 0.0953125 0.0921875
1 0.31171875 0.8796875 0.6234375 0.240625
3 0.35703125 0.8796875 0.3203125 0.240625
1 0.88359375 0.8796875 0.2328125 0.240625