2 0.39140625 0.51953125 0.153125 0.1265625
2 0.4546875 0.3984375 0.090625 0.090625
2 0.428125 0.1953125 0.0625 0.0609375
2 0.37421875 0.1609375 0.0625 0.053125
2 0.396875 0.0859375 0.0359375 0.034375
2 0.42421875 0.03359375 0.0265625 0.01875
2 0.26953125 0.021875 0.021875 0.0203125
0 0.4265625 0.73046875 0.325 0.5390625
0 0.409375 0.5703125 0.18125 0.4390625
0 0.38671875 0.3546875 0.140625 0.3796875
0 0.26640625 0.0796875 0.040625 0.1390625
0 0.3703125 0.2296875 0.078125 0.19375
0 0.38671875 0.12578125 0.053125 0.11875
0 0.42734375 0.103125 0.040625 0.08125
0 0.4203125 0.0578125 0.034375 0.0671875