0 0.2484375 0.43828125 0.2 0.3015625
0 0.35546875 0.44140625 0.1796875 0.2953125
4 0.359375 0.4421875 0.1140625 0.1765625
2 0.365625 0.32578125 0.06875 0.0515625
2 0.27265625 0.33046875 0.065625 0.0734375
1 0.540625 0.30859375 0.08125 0.5609375
1 0.675 0.30625 0.259375 0.565625
3 0.6515625 0.071875 0.06875 0.078125
3 0.209375 0.6359375 0.128125 0.09375
1 0.42890625 0.79453125 0.1421875 0.4109375
1 0.3140625 0.79453125 0.240625 0.4109375
1 0.1671875 0.79453125 0.2 0.4109375
1 0.0671875 0.75078125 0.134375 0.3234375
0 0.840625 0.8453125 0.31875 0.309375
0 0.56875 0.79453125 0.1375 0.4109375
2 0.55078125 0.7140625 0.1015625 0.25
2 0.89765625 0.84609375 0.2046875 0.2703125