0 0.18046875 0.26484375 0.3609375 0.5296875
0 0.55703125 0.26875 0.1234375 0.365625
0 0.46953125 0.2890625 0.1359375 0.3015625
0 0.35546875 0.3046875 0.15625 0.296875
2 0.2421875 0.07578125 0.278125 0.1515625
2 0.5609375 0.17578125 0.115625 0.1328125
2 0.4359375 0.2171875 0.065625 0.0921875
2 0.36796875 0.2171875 0.090625 0.0859375
4 0.95859375 0.3921875 0.0828125 0.228125
1 0.9546875 0.34609375 0.090625 0.3671875
0 0.884375 0.76484375 0.23125 0.4703125
2 0.88828125 0.64609375 0.2234375 0.2328125
2 0.6640625 0.7265625 0.090625 0.165625