0 0.0640625 0.33203125 0.128125 0.4265625
0 0.584375 0.296875 0.109375 0.59375
0 0.34140625 0.31484375 0.3078125 0.5890625
2 0.0265625 0.1828125 0.053125 0.08125
2 0.59140625 0.0984375 0.0953125 0.196875
2 0.29296875 0.16015625 0.14375 0.215625
2 0.2015625 0.14609375 0.084375 0.1515625
2 0.13125 0.1953125 0.0609375 0.1015625
2 0.51328125 0.13671875 0.0671875 0.096875
1 0.72578125 0.31953125 0.1734375 0.5796875
0 0.31953125 0.8046875 0.6390625 0.390625
3 0.6828125 0.81015625 0.0875 0.0828125
3 0.93984375 0.87265625 0.1203125 0.1203125
1 0.92265625 0.9 0.1546875 0.2
1 0.775 0.878125 0.271875 0.24375