0 0.578125 0.28828125 0.1625 0.4609375
0 0.4140625 0.409375 0.215625 0.21875
2 0.584375 0.12421875 0.10625 0.128125
2 0.41875 0.3734375 0.09375 0.0875
1 0.0609375 0.884375 0.121875 0.23125
1 0.1015625 0.878125 0.140625 0.24375
1 0.17578125 0.8875 0.1609375 0.225
1 0.33828125 0.8890625 0.1390625 0.221875
1 0.5453125 0.8609375 0.2125 0.278125
1 0.63359375 0.8859375 0.0515625 0.228125
1 0.40234375 0.8828125 0.1171875 0.234375
3 0.6765625 0.64765625 0.034375 0.2234375
1 0.8296875 0.759375 0.340625 0.48125