0 0.36171875 0.2921875 0.1140625 0.515625
0 0.12421875 0.275 0.2484375 0.55
2 0.11875 0.1234375 0.165625 0.246875
2 0.41015625 0.11484375 0.0171875 0.1390625
2 0.03046875 0.09609375 0.0609375 0.1921875
0 0.7046875 0.4859375 0.3125 0.128125
0 0.49609375 0.39140625 0.1546875 0.3171875
2 0.45546875 0.2703125 0.0734375 0.128125
2 0.703125 0.4984375 0.1125 0.103125
1 0.17421875 0.775 0.3484375 0.45
1 0.34296875 0.821875 0.1515625 0.35625
3 0.1390625 0.625 0.1 0.15
0 0.7890625 0.8875 0.196875 0.225
2 0.8171875 0.846875 0.0671875 0.08125