2 0.4796875 0.209375 0.040625 0.040625
2 0.521875 0.20859375 0.040625 0.0484375
0 0.06796875 0.225 0.1359375 0.45
0 0.4640625 0.3234375 0.08125 0.253125
0 0.51875 0.3203125 0.08125 0.259375
0 0.53515625 0.275 0.0484375 0.35
0 0.8625 0.225 0.275 0.45
1 0.2875 0.71484375 0.153125 0.5296875
1 0.14453125 0.7078125 0.10625 0.359375
3 0.14609375 0.5703125 0.0453125 0.065625
3 0.30390625 0.4875 0.0734375 0.075
1 0.84140625 0.60078125 0.1203125 0.29375
1 0.753125 0.73671875 0.18125 0.475
1 0.6203125 0.78671875 0.121875 0.4265625