0 0.13984375 0.2375 0.2796875 0.284375
2 0.0515625 0.26171875 0.103125 0.1796875
4 0.13984375 0.33125 0.2796875 0.096875
4 0.815625 0.18984375 0.36875 0.3796875
1 0.75625 0.18984375 0.4875 0.3796875
1 0.0984375 0.7765625 0.196875 0.446875
1 0.1875 0.71640625 0.184375 0.5671875
3 0.39296875 0.56171875 0.0265625 0.0328125
3 0.46953125 0.5609375 0.034375 0.034375
3 0.5421875 0.5453125 0.0296875 0.03125
1 0.7609375 0.6375 0.090625 0.2140625
1 0.70234375 0.6453125 0.0890625 0.25
1 0.62578125 0.6578125 0.1109375 0.2703125
1 0.509375 0.675 0.1125 0.3
1 0.4828125 0.66171875 0.0765625 0.240625
1 0.55546875 0.64609375 0.0984375 0.2546875
1 0.403125 0.68359375 0.1078125 0.2796875
1 0.29375 0.6375 0.028125 0.1