2 0.50859375 0.1796875 0.1078125 0.1453125
0 0.4109375 0.23671875 0.3375 0.2859375
0 0.08984375 0.18984375 0.1796875 0.3796875
3 0.91953125 0.01171875 0.1390625 0.0234375
1 0.8296875 0.18984375 0.340625 0.3796875
4 0.50546875 0.51015625 0.115625 0.1109375
4 0.23671875 0.45625 0.1046875 0.153125
4 0.1171875 0.44921875 0.090625 0.1203125
4 0.33203125 0.521875 0.01875 0.028125
4 0.37265625 0.5140625 0.0546875 0.0515625
4 0.040625 0.4328125 0.04375 0.0625
3 0.16328125 0.384375 0.0421875 0.009375
3 0.05625 0.38671875 0.021875 0.0140625
3 0.43125 0.43515625 0.05 0.0703125
3 0.5671875 0.4515625 0.0203125 0.0203125
3 0.37734375 0.46640625 0.0328125 0.028125
0 0.68359375 0.7171875 0.2078125 0.565625