2 0.440625 0.00625 0.05625 0.0125
0 0.4140625 0.18984375 0.203125 0.3796875
0 0.5015625 0.140625 0.096875 0.28125
0 0.46171875 0.16875 0.1265625 0.3375
0 0.08828125 0.1875 0.1765625 0.375
0 0.0515625 0.1640625 0.103125 0.328125
0 0.16875 0.17734375 0.171875 0.3546875
0 0.2921875 0.178125 0.171875 0.35625
0 0.25625 0.05859375 0.0625 0.1171875
0 0.38359375 0.0828125 0.0734375 0.165625
0 0.3546875 0.0484375 0.0375 0.096875
0 0.88828125 0.2703125 0.2234375 0.21875
0 0.75703125 0.2390625 0.2171875 0.28125
0 0.609375 0.18984375 0.11875 0.3796875
0 0.6359375 0.228125 0.171875 0.303125
2 0.64609375 0.1828125 0.1109375 0.1390625
1 0.1265625 0.68984375 0.253125 0.6203125
3 0.1796875 0.43203125 0.128125 0.1046875
2 0.78359375 0.38828125 0.0546875 0.0171875
0 0.81640625 0.68984375 0.3671875 0.6203125
0 0.75234375 0.559375 0.1515625 0.359375
0 0.575 0.4421875 0.05 0.125