2 0.2296875 0.37421875 0.0234375 0.0296875
2 0.30546875 0.384375 0.0296875 0.0296875
2 0.3796875 0.37890625 0.0265625 0.028125
0 0.58359375 0.50078125 0.0625 0.2078125
0 0.52421875 0.5 0.05625 0.2453125
0 0.446875 0.50234375 0.075 0.2625
0 0.32890625 0.503125 0.071875 0.2921875
0 0.3046875 0.4859375 0.04375 0.2375
0 0.37890625 0.48046875 0.0640625 0.2484375
0 0.22265625 0.496875 0.0703125 0.271875
0 0.1140625 0.43515625 0.0296875 0.096875
0 0.07734375 0.4328125 0.01875 0.0703125
0 0.09375 0.428125 0.021875 0.0703125