2 0.13515625 0.37890625 0.1125 0.125
2 0.1828125 0.62421875 0.134375 0.2078125
2 0.33359375 0.84296875 0.171875 0.2828125
2 0.46796875 0.54453125 0.1484375 0.19375
2 0.53359375 0.4453125 0.115625 0.1296875
2 0.653125 0.5140625 0.109375 0.1171875
2 0.853125 0.46796875 0.178125 0.1734375
2 0.80234375 0.39296875 0.1015625 0.0890625
2 0.85 0.29609375 0.0828125 0.071875
2 0.6359375 0.2640625 0.0546875 0.0640625
2 0.6875 0.30625 0.06875 0.071875
2 0.7125 0.409375 0.075 0.1015625
2 0.521875 0.32421875 0.08125 0.0890625
0 0.17578125 0.7609375 0.1890625 0.478125
0 0.30625 0.853125 0.2734375 0.29375
0 0.478125 0.728125 0.20625 0.54375
0 0.16796875 0.56953125 0.1640625 0.5015625
0 0.875 0.68984375 0.2453125 0.6171875
0 0.66640625 0.7234375 0.175 0.553125
0 0.6328125 0.39921875 0.084375 0.3421875
0 0.68515625 0.375 0.0640625 0.2171875
0 0.5234375 0.36484375 0.0828125 0.1609375
0 0.84765625 0.31953125 0.0859375 0.115625
0 0.53515625 0.54140625 0.1109375 0.3328125
0 0.8078125 0.4734375 0.0984375 0.2546875