2 0.1234375 0.03671875 0.0234375 0.03125
2 0.2 0.04296875 0.03125 0.03125
2 0.2734375 0.03359375 0.028125 0.0296875
0 0.42421875 0.146875 0.06875 0.246875
0 0.346875 0.15390625 0.0890625 0.265625
0 0.2296875 0.16015625 0.0875 0.296875
0 0.20390625 0.14453125 0.05625 0.2390625
0 0.278125 0.13515625 0.0765625 0.2515625
0 0.12265625 0.16015625 0.084375 0.275
0 0.0140625 0.10390625 0.028125 0.0984375
1 0.52734375 0.2296875 0.1359375 0.459375
1 0.60078125 0.16328125 0.1484375 0.3265625
1 0.90078125 0.14453125 0.1984375 0.2890625
1 0.05390625 0.7296875 0.1078125 0.540625
2 0.86640625 0.8296875 0.0859375 0.0828125
2 0.96015625 0.82109375 0.0796875 0.0890625
4 0.85078125 0.953125 0.1046875 0.09375
4 0.959375 0.94296875 0.08125 0.1140625
0 0.853125 0.8796875 0.15625 0.240625
0 0.96171875 0.88671875 0.0765625 0.2265625