0 0.1484375 0.2375 0.146875 0.325
0 0.06953125 0.25234375 0.1140625 0.2953125
2 0.11953125 0.13984375 0.0796875 0.075
2 0.053125 0.15859375 0.05625 0.075
3 0.8578125 0.1890625 0.053125 0.0484375
3 0.7578125 0.23984375 0.0625 0.053125
1 0.73671875 0.2109375 0.0546875 0.378125
1 0.771875 0.30234375 0.09375 0.1953125
1 0.8734375 0.27578125 0.1203125 0.240625
3 0.5171875 0.94296875 0.08125 0.1078125
3 0.39140625 0.9046875 0.0703125 0.0640625
3 0.125 0.8546875 0.08125 0.0796875
1 0.52421875 0.93984375 0.1734375 0.1203125
1 0.3875 0.93203125 0.18125 0.1359375
1 0.1375 0.90546875 0.14375 0.1890625
1 0.81640625 0.90625 0.1484375 0.1875