2 0.05546875 0.21015625 0.1109375 0.1265625
2 0.0984375 0.0890625 0.090625 0.090625
0 0.11640625 0.290625 0.2328125 0.278125
0 0.071875 0.23515625 0.14375 0.3890625
0 0.05 0.1171875 0.1 0.234375
1 0.8 0.21484375 0.4 0.4296875
0 0.1640625 0.71484375 0.328125 0.5703125
0 0.425 0.77734375 0.240625 0.4453125
0 0.55546875 0.80078125 0.0890625 0.3984375
2 0.18828125 0.58359375 0.2109375 0.290625
2 0.48125 0.684375 0.134375 0.203125
2 0.56953125 0.7078125 0.0609375 0.165625
4 0.14140625 0.8328125 0.2828125 0.334375
4 0.4625 0.87109375 0.203125 0.2328125
3 0.75546875 0.8125 0.1171875 0.0875
3 0.9234375 0.69375 0.096875 0.071875
1 0.921875 0.82890625 0.15625 0.3421875
1 0.7453125 0.878125 0.175 0.24375