2 0.3859375 0.525 0.025 0.009375
2 0.31796875 0.5203125 0.0234375 0.01875
2 0.26171875 0.46484375 0.0375 0.0375
0 0.2484375 0.484375 0.11875 0.090625
0 0.3125 0.51796875 0.065625 0.0234375
0 0.67109375 0.26484375 0.0828125 0.5296875
0 0.75546875 0.26484375 0.2515625 0.5296875
0 0.90390625 0.2921875 0.1921875 0.475
0 0.85234375 0.3078125 0.2234375 0.44375
0 0.37734375 0.76484375 0.4765625 0.4703125
0 0.58359375 0.67734375 0.0921875 0.2953125
0 0.090625 0.76484375 0.18125 0.4703125
3 0.65078125 0.83203125 0.0421875 0.0640625
3 0.78671875 0.98046875 0.0484375 0.0390625
1 0.7671875 0.97578125 0.13125 0.0484375
1 0.6546875 0.89453125 0.05 0.2109375