2 0.4328125 0.1546875 0.071875 0.1
2 0.31171875 0.10390625 0.0640625 0.0578125
2 0.0515625 0.03125 0.075 0.0625
0 0.43515625 0.18984375 0.1546875 0.1796875
0 0.29921875 0.175 0.1578125 0.209375
0 0.053125 0.13984375 0.10625 0.2796875
1 0.809375 0.13984375 0.38125 0.2796875
3 0.365625 0.7046875 0.05625 0.0546875
3 0.10625 0.7640625 0.05 0.0546875
3 0.00703125 0.7328125 0.0140625 0.040625
3 0.225 0.759375 0.0515625 0.0265625
3 0.40546875 0.71796875 0.0296875 0.03125
1 0.02421875 0.84921875 0.0484375 0.3015625
1 0.084375 0.86328125 0.078125 0.2734375
1 0.21015625 0.8421875 0.05 0.203125
1 0.27890625 0.7828125 0.046875 0.1375
1 0.3578125 0.8390625 0.103125 0.321875
0 0.97421875 0.49609375 0.0515625 0.3171875
2 0.98359375 0.37578125 0.0328125 0.0671875