2 0.4 0.1765625 0.128125 0.1390625
2 0.31875 0.4125 0.1625 0.225
2 0.1390625 0.56171875 0.209375 0.2140625
2 0.0671875 0.29375 0.134375 0.2125
2 0.03125 0.1859375 0.0625 0.14375
2 0.03515625 0.0671875 0.0703125 0.1
0 0.30625 0.48359375 0.253125 0.3703125
0 0.1640625 0.5625 0.3125 0.2125
0 0.07578125 0.4296875 0.1515625 0.478125
0 0.340625 0.36015625 0.2328125 0.51875
0 0.034375 0.10859375 0.06875 0.1703125
0 0.0296875 0.28046875 0.059375 0.3453125
3 0.67890625 0.034375 0.3140625 0.06875
1 0.65078125 0.334375 0.3640625 0.66875
1 0.9328125 0.38046875 0.134375 0.5765625
4 0.12734375 0.8953125 0.2546875 0.209375
1 0.31484375 0.8671875 0.3078125 0.265625
1 0.1734375 0.834375 0.346875 0.33125
0 0.82421875 0.834375 0.3515625 0.33125
2 0.93515625 0.7484375 0.1296875 0.159375