0 0.24453125 0.234375 0.4890625 0.46875
1 0.9359375 0.2109375 0.128125 0.421875
1 0.84296875 0.23203125 0.2859375 0.4640625
1 0.690625 0.20546875 0.225 0.4109375
1 0.56640625 0.21015625 0.1546875 0.4203125
0 0.24453125 0.76875 0.4890625 0.4625
2 0.3109375 0.69375 0.221875 0.1953125
2 0.1296875 0.72265625 0.171875 0.1609375
0 0.85703125 0.734375 0.2859375 0.53125
0 0.65 0.734375 0.321875 0.53125
2 0.84140625 0.52109375 0.1890625 0.1046875
2 0.6125 0.54921875 0.165625 0.1609375
4 0.875 0.74453125 0.25 0.5109375
4 0.6578125 0.75546875 0.275 0.4890625