2 0.12109375 0.50859375 0.0890625 0.0609375
2 0.0328125 0.3453125 0.065625 0.10625
0 0.10546875 0.4078125 0.2109375 0.2625
0 0.54921875 0.2765625 0.2796875 0.525
0 0.8296875 0.37890625 0.29375 0.3203125
0 0.665625 0.3984375 0.203125 0.28125
2 0.7921875 0.35390625 0.1484375 0.2140625
2 0.53046875 0.2265625 0.2421875 0.31875
2 0.68046875 0.3703125 0.1140625 0.171875
4 0.796875 0.478125 0.21875 0.121875
1 0.12578125 0.88125 0.2515625 0.2375
4 0.7046875 0.76953125 0.590625 0.4609375
1 0.7046875 0.76953125 0.590625 0.4609375