2 0.84453125 0.15859375 0.071875 0.0578125
2 0.45859375 0.3984375 0.0390625 0.0390625
2 0.41640625 0.39609375 0.0390625 0.046875
2 0.36015625 0.31484375 0.0546875 0.05625
2 0.25390625 0.321875 0.0640625 0.078125
2 0.06875 0.2921875 0.084375 0.0765625
2 0.125 0.32421875 0.0640625 0.0484375
2 0.01640625 0.40859375 0.0328125 0.0390625
0 0.8671875 0.47109375 0.1125 0.6828125
0 0.46640625 0.57890625 0.0671875 0.3828125
0 0.409375 0.59375 0.071875 0.4296875
0 0.36015625 0.57734375 0.0984375 0.578125
0 0.259375 0.5984375 0.103125 0.6375
0 0.0859375 0.6140625 0.134375 0.715625
0 0.115625 0.47265625 0.075 0.3453125
0 0.02109375 0.5796875 0.0421875 0.38125