0 0.259375 0.25 0.51875 0.41875
0 0.07734375 0.24765625 0.1546875 0.4234375
0 0.4171875 0.21953125 0.203125 0.4390625
4 0.25234375 0.37578125 0.4109375 0.1671875
4 0.4390625 0.1265625 0.159375 0.159375
4 0.05390625 0.23515625 0.1078125 0.2578125
2 0.22578125 0.17734375 0.2703125 0.1515625
2 0.0234375 0.07890625 0.046875 0.0671875
2 0.3984375 0.02890625 0.125 0.0578125
2 0.62734375 0.0796875 0.2171875 0.159375
2 0.8375 0.08203125 0.325 0.1640625
0 0.759375 0.2296875 0.48125 0.459375
0 0.83828125 0.2296875 0.3234375 0.459375
4 0.7421875 0.3921875 0.446875 0.134375
4 0.22734375 0.73828125 0.4046875 0.5234375
4 0.41953125 0.7296875 0.1984375 0.540625
0 0.21875 0.7296875 0.4375 0.540625
0 0.4 0.7296875 0.2375 0.540625
1 0.778125 0.7296875 0.44375 0.540625
3 0.8109375 0.575 0.378125 0.23125