0 0.1875 0.2546875 0.334375 0.509375
0 0.0609375 0.13203125 0.1125 0.2640625
0 0.83984375 0.2546875 0.3203125 0.509375
0 0.1796875 0.86171875 0.16875 0.2765625
0 0.340625 0.8546875 0.36875 0.290625
2 0.28359375 0.7609375 0.1140625 0.090625
2 0.44765625 0.815625 0.0828125 0.0828125
2 0.17578125 0.765625 0.071875 0.08125
1 0.896875 0.8609375 0.20625 0.278125
1 0.925 0.8609375 0.15 0.278125
1 0.70546875 0.88515625 0.1171875 0.2296875
3 0.8265625 0.81875 0.1203125 0.140625
3 0.89296875 0.771875 0.1078125 0.0671875
3 0.68046875 0.81640625 0.065625 0.0421875