0 0.26640625 0.21328125 0.196875 0.2703125
0 0.35546875 0.22734375 0.0890625 0.2640625
2 0.296875 0.1375 0.0703125 0.0671875
2 0.38125 0.14375 0.0375 0.0625
1 0.7 0.1796875 0.6 0.359375
4 0.69375 0.1796875 0.5875 0.359375
0 0.0875 0.6796875 0.175 0.640625
0 0.2796875 0.73515625 0.240625 0.5296875
2 0.07578125 0.5875 0.1515625 0.446875
2 0.33046875 0.7 0.1390625 0.434375
0 0.58671875 0.74296875 0.1671875 0.3375
0 0.41953125 0.721875 0.0390625 0.328125
0 0.70234375 0.75 0.1875 0.3296875
0 0.478125 0.74140625 0.15625 0.4015625