0 0.459375 0.3046875 0.159375 0.609375
0 0.34296875 0.3046875 0.2859375 0.609375
0 0.1984375 0.290625 0.225 0.58125
0 0.075 0.27578125 0.15 0.5515625
0 0.0421875 0.2421875 0.084375 0.484375
0 0.9203125 0.31484375 0.159375 0.5890625
0 0.7171875 0.3046875 0.35625 0.609375
2 0.7546875 0.12578125 0.209375 0.2515625
2 0.60078125 0.159375 0.1234375 0.240625
0 0.47109375 0.8046875 0.1359375 0.390625
0 0.134375 0.8046875 0.26875 0.390625
0 0.96015625 0.81328125 0.0796875 0.3734375
0 0.82421875 0.8046875 0.3515625 0.390625
0 0.62109375 0.8046875 0.1640625 0.390625
2 0.56484375 0.65078125 0.0515625 0.0828125
2 0.94609375 0.65859375 0.1078125 0.0984375
2 0.784375 0.69921875 0.0875 0.0875