0 0.43046875 0.32109375 0.0984375 0.5578125
2 0.4453125 0.13828125 0.06875 0.0984375
0 0.54921875 0.39375 0.1390625 0.321875
0 0.69453125 0.28203125 0.1296875 0.2
0 0.87109375 0.25390625 0.1140625 0.203125
2 0.49375 0.3109375 0.028125 0.115625
2 0.68203125 0.22578125 0.05 0.078125
2 0.84921875 0.2109375 0.06875 0.0703125
0 0.0328125 0.84765625 0.065625 0.3046875
0 0.36328125 0.76796875 0.084375 0.153125
2 0.35625 0.71640625 0.0421875 0.040625
2 0.00859375 0.73828125 0.0171875 0.0703125
0 0.8625 0.86328125 0.275 0.2734375
0 0.62734375 0.9125 0.2515625 0.175