2 0.265625 0.1484375 0.1203125 0.146875
2 0.32109375 0.05546875 0.0953125 0.1109375
0 0.2875 0.32578125 0.4375 0.4859375
2 0.72265625 0.29140625 0.103125 0.0703125
2 0.95234375 0.209375 0.0953125 0.1625
0 0.640625 0.3828125 0.14375 0.371875
0 0.72265625 0.415625 0.1703125 0.30625
0 0.92890625 0.35078125 0.1421875 0.4359375
4 0.08203125 0.784375 0.1640625 0.43125
4 0.39609375 0.784375 0.3453125 0.43125
1 0.09453125 0.784375 0.1890625 0.43125
1 0.38515625 0.784375 0.3671875 0.43125
0 0.9515625 0.728125 0.096875 0.31875
0 0.98984375 0.70234375 0.0203125 0.2671875
0 0.634375 0.75 0.13125 0.3625
0 0.59453125 0.73203125 0.0515625 0.3265625
0 0.7234375 0.73359375 0.103125 0.3296875
0 0.8484375 0.72421875 0.109375 0.3109375
0 0.7984375 0.61015625 0.04375 0.0828125
0 0.928125 0.62421875 0.046875 0.1109375
0 0.89296875 0.59296875 0.0203125 0.0484375