0 0.3890625 0.2765625 0.18125 0.425
2 0.4484375 0.14140625 0.0625 0.1046875
4 0.678125 0.24453125 0.396875 0.4890625
0 0.08828125 0.79296875 0.1765625 0.4140625
0 0.2375 0.79375 0.25625 0.4125
2 0.5078125 0.61015625 0.05625 0.0546875
2 0.59453125 0.5796875 0.053125 0.04375
2 0.709375 0.59140625 0.046875 0.0421875
2 0.834375 0.59609375 0.05 0.04375
2 0.87890625 0.58203125 0.04375 0.040625
0 0.83984375 0.78046875 0.146875 0.41875
0 0.92578125 0.73515625 0.071875 0.278125
0 0.88125 0.75 0.0765625 0.375
0 0.525 0.7921875 0.090625 0.415625
0 0.58984375 0.77890625 0.1109375 0.4421875
0 0.715625 0.778125 0.1171875 0.409375
0 0.66328125 0.69375 0.0453125 0.1234375
0 0.79375 0.69453125 0.05 0.175
0 0.7578125 0.6609375 0.021875 0.115625