0 0.07265625 0.28515625 0.1453125 0.5703125
0 0.15078125 0.128125 0.1578125 0.25625
0 0.2796875 0.24296875 0.25625 0.4671875
0 0.42734375 0.2203125 0.1609375 0.2234375
2 0.2921875 0.06328125 0.10625 0.1109375
2 0.47265625 0.15625 0.0703125 0.071875
1 0.76953125 0.28984375 0.4609375 0.5796875
0 0.34375 0.78984375 0.390625 0.4203125
2 0.4390625 0.65 0.2 0.140625
0 0.0859375 0.62109375 0.10625 0.0828125
0 0.28203125 0.64921875 0.1171875 0.1390625
0 0.67734375 0.809375 0.2765625 0.38125
0 0.8453125 0.825 0.309375 0.35