2 0.16015625 0.06171875 0.1203125 0.1078125
0 0.4671875 0.36328125 0.125 0.4109375
0 0.1578125 0.28828125 0.265625 0.5609375
3 0.5734375 0.1265625 0.0875 0.253125
0 0.02734375 0.71484375 0.0546875 0.2515625
0 0.11015625 0.71953125 0.1453125 0.2640625
2 0.0125 0.6359375 0.025 0.059375
2 0.10234375 0.62734375 0.0796875 0.053125
3 0.8703125 0.71875 0.0453125 0.0375
3 0.715625 0.58515625 0.040625 0.0328125
1 0.94375 0.87421875 0.096875 0.2453125
1 0.87109375 0.8328125 0.0671875 0.334375
1 0.796875 0.87421875 0.0796875 0.171875