1 0.8984375 0.0234375 0.1125 0.046875
1 0.93671875 0.1953125 0.1265625 0.153125
1 0.846875 0.13203125 0.153125 0.1265625
3 0.9 0.00625 0.065625 0.0125
3 0.8484375 0.14453125 0.0671875 0.084375
3 0.95625 0.18046875 0.05625 0.0875
3 0.98828125 0.15078125 0.0234375 0.0734375
3 0.20546875 0.73203125 0.1234375 0.1203125
3 0.08203125 0.59296875 0.11875 0.109375
1 0.09921875 0.7578125 0.1984375 0.484375
1 0.2109375 0.8171875 0.115625 0.365625
1 0.9078125 0.74140625 0.184375 0.4796875
1 0.46328125 0.69453125 0.3890625 0.6109375
4 0.91875 0.646875 0.1625 0.15625
4 0.38515625 0.59921875 0.2328125 0.3484375
3 0.53359375 0.43359375 0.1703125 0.0890625
3 0.8703125 0.5359375 0.134375 0.1078125