0 0.4 0.28125 0.178125 0.55625
0 0.27421875 0.28515625 0.4296875 0.5484375
0 0.05703125 0.315625 0.1140625 0.4875
2 0.2671875 0.06875 0.1203125 0.0984375
2 0.11640625 0.15390625 0.0875 0.0875
2 0.37421875 0.053125 0.0765625 0.0859375
0 0.928125 0.503125 0.14375 0.1125
0 0.57109375 0.4640625 0.1640625 0.190625
2 0.9296875 0.48125 0.08125 0.05
2 0.81640625 0.53125 0.0796875 0.05625
2 0.75703125 0.525 0.05625 0.065625
2 0.7140625 0.4578125 0.053125 0.0390625
2 0.52109375 0.40859375 0.0640625 0.0765625
1 0.4296875 0.77734375 0.11875 0.4359375
1 0.278125 0.7234375 0.259375 0.328125
1 0.74453125 0.7796875 0.5109375 0.440625
4 0.74453125 0.7796875 0.5109375 0.440625