0 0.0578125 0.20078125 0.115625 0.3921875
0 0.4 0.2234375 0.1375 0.371875
0 0.2984375 0.18203125 0.090625 0.2375
2 0.08515625 0.071875 0.05625 0.0609375
2 0.03984375 0.04296875 0.0515625 0.078125
1 0.89375 0.22578125 0.2125 0.3671875
1 0.75859375 0.22421875 0.2265625 0.3703125
1 0.690625 0.2109375 0.228125 0.396875
3 0.92578125 0.07265625 0.08125 0.1
3 0.79765625 0.078125 0.0796875 0.1015625
3 0.7484375 0.05 0.0828125 0.0875
2 0.328125 0.5046875 0.1890625 0.1640625
4 0.27109375 0.81015625 0.3953125 0.3796875
0 0.2484375 0.7046875 0.440625 0.590625
0 0.684375 0.9375 0.153125 0.125
0 0.8890625 0.9484375 0.203125 0.103125
0 0.7640625 0.953125 0.11875 0.09375
2 0.7171875 0.94140625 0.08125 0.0765625
2 0.88515625 0.96015625 0.0859375 0.0796875
2 0.7828125 0.9609375 0.0578125 0.075