0 0.390625 0.0953125 0.15 0.190625
1 0.79375 0.32578125 0.128125 0.3484375
1 0.959375 0.278125 0.08125 0.44375
2 0.41015625 0.8484375 0.1671875 0.14375
2 0.3328125 0.7359375 0.1015625 0.1015625
2 0.334375 0.53203125 0.06875 0.0640625
2 0.3828125 0.51015625 0.06875 0.0203125
0 0.4 0.88671875 0.3875 0.2265625
0 0.39765625 0.8359375 0.2328125 0.328125
0 0.39453125 0.690625 0.1859375 0.38125
0 0.39609375 0.57890625 0.1015625 0.1578125
2 0.890625 0.53359375 0.071875 0.0671875
0 0.890625 0.696875 0.190625 0.39375
0 0.975 0.6484375 0.05 0.296875
0 0.85625 0.603125 0.1625 0.20625