0 0.05390625 0.28828125 0.1078125 0.5765625
0 0.065625 0.09609375 0.13125 0.1921875
0 0.2015625 0.10234375 0.159375 0.2046875
0 0.20390625 0.040625 0.1671875 0.08125
0 0.2921875 0.08828125 0.115625 0.1765625
0 0.33203125 0.0796875 0.0359375 0.159375
0 0.265625 0.29375 0.16875 0.571875
2 0.8078125 0.1828125 0.234375 0.178125
4 0.75703125 0.465625 0.3640625 0.228125
0 0.7453125 0.3125 0.509375 0.534375
3 0.0734375 0.66015625 0.146875 0.1609375
1 0.07734375 0.78984375 0.1546875 0.4203125
4 0.415625 0.78984375 0.13125 0.4203125
4 0.5390625 0.78984375 0.24375 0.4203125