2 0.14296875 0.38203125 0.1109375 0.1359375
2 0.11875 0.31171875 0.090625 0.1125
0 0.19296875 0.43125 0.2984375 0.215625
0 0.79921875 0.3390625 0.4015625 0.4
2 0.878125 0.24609375 0.128125 0.171875
2 0.0546875 0.60234375 0.10625 0.1265625
0 0.12109375 0.76953125 0.2421875 0.4609375
0 0.3796875 0.76953125 0.11875 0.4609375
3 0.95234375 0.565625 0.0953125 0.053125
3 0.55078125 0.5546875 0.0703125 0.03125
1 0.92109375 0.76953125 0.1578125 0.4609375
1 0.8671875 0.75078125 0.184375 0.4234375
1 0.56015625 0.7234375 0.2296875 0.36875