0 0.02734375 0.1828125 0.0546875 0.2125
0 0.1859375 0.1953125 0.115625 0.1875
0 0.3 0.20859375 0.103125 0.1609375
2 0.01953125 0.10078125 0.0390625 0.0359375
2 0.2 0.12578125 0.065625 0.034375
2 0.2921875 0.15390625 0.053125 0.0453125
0 0.7171875 0.14453125 0.20625 0.2890625
1 0.24453125 0.64453125 0.4890625 0.7109375
4 0.23203125 0.821875 0.4640625 0.35625
4 0.69453125 0.51875 0.08125 0.19375
4 0.81015625 0.55 0.078125 0.1109375
4 0.58828125 0.59609375 0.015625 0.0265625
4 0.54921875 0.5828125 0.05 0.046875
4 0.88828125 0.54296875 0.0375 0.0578125
3 0.665625 0.340625 0.059375 0.059375
3 0.7734375 0.46328125 0.0375 0.0375
3 0.87890625 0.4953125 0.0203125 0.0109375
3 0.6203125 0.43125 0.0375 0.0296875
3 0.50546875 0.496875 0.0328125 0.065625
3 0.55 0.53515625 0.0296875 0.025