2 0.27421875 0.0953125 0.1296875 0.078125
0 0.18984375 0.3265625 0.3796875 0.565625
2 0.77734375 0.09375 0.0390625 0.040625
2 0.81953125 0.09140625 0.0390625 0.046875
2 0.87578125 0.01875 0.0546875 0.0375
2 0.975 0.028125 0.05 0.05625
0 0.40234375 0.25390625 0.0453125 0.5078125
0 0.76953125 0.27421875 0.0671875 0.3828125
0 0.8265625 0.2890625 0.071875 0.4296875
0 0.87578125 0.28046875 0.0984375 0.5609375
0 0.9625 0.3046875 0.075 0.609375
2 0.32890625 0.6984375 0.0875 0.078125
2 0.0609375 0.659375 0.09375 0.059375
0 0.32109375 0.8265625 0.1171875 0.346875
0 0.06328125 0.80859375 0.1265625 0.3828125
2 0.65390625 0.6375 0.2890625 0.05625
4 0.69453125 0.93671875 0.3671875 0.1265625
0 0.6625 0.8046875 0.4625 0.390625