0 0.34296875 0.2828125 0.1953125 0.453125
0 0.1859375 0.2875 0.153125 0.44375
0 0.04609375 0.321875 0.0921875 0.375
2 0.02734375 0.18671875 0.0546875 0.0953125
2 0.19375 0.10625 0.0765625 0.09375
2 0.3046875 0.10546875 0.1046875 0.0734375
0 0.75546875 0.2546875 0.4265625 0.509375
4 0.7453125 0.2546875 0.365625 0.509375
0 0.146875 0.95234375 0.090625 0.0953125
0 0.084375 0.96484375 0.10625 0.0703125
2 0.49765625 0.98828125 0.0359375 0.0234375
2 0.421875 0.96875 0.034375 0.03125
2 0.2640625 0.98671875 0.03125 0.0265625
2 0.22421875 0.984375 0.0359375 0.03125
2 0.13984375 0.95390625 0.040625 0.028125
2 0.0921875 0.95390625 0.059375 0.03125
0 0.79609375 0.91484375 0.4078125 0.1703125
2 0.90625 0.9359375 0.1578125 0.1109375