0 0.35234375 0.259375 0.3296875 0.51875
4 0.36015625 0.30078125 0.2609375 0.4359375
0 0.725 0.259375 0.35 0.51875
2 0.62890625 0.1390625 0.1578125 0.278125
2 0.77421875 0.203125 0.134375 0.234375
0 0.07421875 0.878125 0.1484375 0.24375
2 0.0921875 0.84296875 0.0828125 0.1109375
0 0.640625 0.778125 0.18125 0.44375
0 0.80078125 0.8109375 0.1765625 0.378125
0 0.92421875 0.7953125 0.1515625 0.409375
2 0.6328125 0.6734375 0.115625 0.1375
2 0.8046875 0.7171875 0.0875 0.1359375
2 0.92265625 0.6953125 0.0859375 0.1296875