0 0.4125 0.32109375 0.053125 0.3953125
0 0.3359375 0.275 0.16875 0.4875
0 0.1765625 0.2703125 0.209375 0.496875
0 0.07265625 0.27265625 0.1453125 0.4921875
2 0.42421875 0.15546875 0.0296875 0.0546875
2 0.353125 0.08203125 0.08125 0.0640625
2 0.2109375 0.1265625 0.06875 0.0546875
2 0.1578125 0.06875 0.0828125 0.0546875
2 0.0328125 0.075 0.065625 0.08125
2 0.64921875 0.1421875 0.0515625 0.0921875
2 0.60625 0.14765625 0.046875 0.1078125
2 0.5625 0.121875 0.0546875 0.1109375
2 0.50625 0.115625 0.053125 0.109375
2 0.4609375 0.09609375 0.04375 0.1171875
4 0.21328125 0.759375 0.4265625 0.48125
0 0.21953125 0.759375 0.4390625 0.48125
1 0.58359375 0.759375 0.2890625 0.48125