0 0.34609375 0.159375 0.1671875 0.31875
0 0.2515625 0.159375 0.24375 0.31875
0 0.10859375 0.159375 0.2171875 0.31875
0 0.05078125 0.159375 0.1015625 0.31875
4 0.815625 0.22578125 0.36875 0.1859375
0 0.7796875 0.159375 0.440625 0.31875
1 0.60078125 0.6828125 0.153125 0.590625
1 0.48515625 0.61328125 0.1109375 0.5296875
1 0.7046875 0.51875 0.109375 0.3390625
1 0.78671875 0.5296875 0.0890625 0.3703125
1 0.871875 0.57890625 0.15 0.5203125
3 0.5921875 0.45234375 0.0796875 0.1109375
3 0.86796875 0.3453125 0.0671875 0.053125
3 0.7609375 0.38203125 0.04375 0.034375
3 0.70625 0.38515625 0.0515625 0.046875
3 0.8203125 0.36875 0.034375 0.0515625