0 0.32109375 0.234375 0.1953125 0.46875
0 0.1734375 0.234375 0.14375 0.46875
0 0.0421875 0.2359375 0.084375 0.465625
0 0.83984375 0.234375 0.3203125 0.46875
0 0.67421875 0.234375 0.1828125 0.46875
0 0.49375 0.234375 0.109375 0.46875
1 0.08984375 0.734375 0.1609375 0.53125
1 0.2828125 0.74453125 0.109375 0.5109375
1 0.38515625 0.734375 0.1078125 0.53125
3 0.03046875 0.49765625 0.0609375 0.0578125
1 0.5140625 0.73125 0.15 0.525
1 0.715625 0.734375 0.240625 0.53125
1 0.9171875 0.734375 0.165625 0.53125