0 0.31484375 0.321875 0.3359375 0.19375
2 0.4296875 0.3265625 0.0859375 0.1375
2 0.20625 0.31015625 0.0875 0.1171875
0 0.05859375 0.740625 0.1171875 0.51875
0 0.12890625 0.71953125 0.2140625 0.5609375
0 0.26796875 0.709375 0.2265625 0.58125
0 0.43515625 0.709375 0.1890625 0.58125
0 0.35625 0.709375 0.321875 0.58125
2 0.01953125 0.57890625 0.0390625 0.1421875
2 0.10546875 0.546875 0.096875 0.1359375
2 0.22890625 0.52890625 0.115625 0.1546875
2 0.28125 0.4484375 0.134375 0.059375
2 0.40390625 0.44140625 0.1453125 0.0453125
0 0.8984375 0.91328125 0.203125 0.1734375
0 0.7828125 0.9078125 0.196875 0.184375
2 0.76640625 0.8515625 0.08125 0.0515625
2 0.89140625 0.8734375 0.08125 0.071875
2 0.94453125 0.84296875 0.0578125 0.065625
2 0.965625 0.765625 0.053125 0.040625