0 0.17265625 0.30859375 0.3453125 0.4203125
2 0.4203125 0.11015625 0.059375 0.1734375
2 0.06875 0.21640625 0.1375 0.1890625
4 0.146875 0.42421875 0.29375 0.1890625
0 0.578125 0.259375 0.25625 0.51875
0 0.6546875 0.26171875 0.2 0.5140625
2 0.49609375 0.021875 0.0921875 0.04375
2 0.61875 0.04140625 0.08125 0.0734375
0 0.1203125 0.759375 0.240625 0.48125
0 0.32265625 0.759375 0.2546875 0.48125
0 0.2328125 0.759375 0.203125 0.48125
1 0.675 0.84375 0.184375 0.3125
1 0.80390625 0.796875 0.1046875 0.2265625
4 0.6625 0.8109375 0.128125 0.1328125
4 0.8015625 0.76875 0.075 0.09375
3 0.6390625 0.71328125 0.0765625 0.0546875
3 0.78671875 0.71015625 0.0640625 0.025