0 0.37421875 0.3203125 0.2765625 0.21875
0 0.22421875 0.3078125 0.2296875 0.24375
0 0.078125 0.31796875 0.15625 0.2234375
2 0.00859375 0.21015625 0.0171875 0.0734375
2 0.0859375 0.271875 0.11875 0.109375
2 0.2921875 0.23984375 0.0890625 0.103125
2 0.4 0.265625 0.1125 0.0875
1 0.853125 0.2109375 0.29375 0.421875
2 0.46953125 0.77421875 0.1375 0.125
2 0.546875 0.74921875 0.1046875 0.084375
2 0.2796875 0.74609375 0.1140625 0.0890625
2 0.065625 0.6125 0.13125 0.196875
0 0.3921875 0.82734375 0.453125 0.3453125
0 0.21953125 0.85078125 0.2953125 0.2984375
0 0.08828125 0.75625 0.1765625 0.4875
3 0.89296875 0.54140625 0.084375 0.0796875
3 0.82578125 0.625 0.1 0.0921875
3 0.7859375 0.46328125 0.075 0.0671875
3 0.65 0.484375 0.0625 0.078125
1 0.6484375 0.71484375 0.059375 0.5703125
1 0.73046875 0.71484375 0.2234375 0.5703125
1 0.79296875 0.78984375 0.2578125 0.4203125
1 0.87578125 0.68984375 0.2109375 0.4140625