2 0.0359375 0.0265625 0.071875 0.053125
0 0.0484375 0.1578125 0.096875 0.315625
0 0.75390625 0.16484375 0.4921875 0.3296875
0 0.4640625 0.16484375 0.26875 0.3296875
2 0.5171875 0.090625 0.146875 0.18125
2 0.61875 0.040625 0.221875 0.08125
0 0.9125 0.709375 0.159375 0.4234375
0 0.371875 0.684375 0.084375 0.615625
0 0.6125 0.70546875 0.2875 0.5890625
2 0.93046875 0.56015625 0.06875 0.078125
2 0.3640625 0.48828125 0.06875 0.2109375
2 0.65546875 0.546875 0.1375 0.2125
2 0.74609375 0.5296875 0.0796875 0.1484375
2 0.81796875 0.5765625 0.0578125 0.1015625
2 0.434375 0.53125 0.0640625 0.0953125