0 0.10078125 0.553125 0.1234375 0.5046875
0 0.21015625 0.5703125 0.084375 0.5390625
0 0.30703125 0.5734375 0.15625 0.725
0 0.46640625 0.60234375 0.1953125 0.7953125
0 0.60078125 0.58203125 0.1921875 0.7421875
0 0.74375 0.56171875 0.1765625 0.6109375
0 0.88828125 0.6046875 0.215625 0.778125
2 0.10078125 0.34140625 0.0703125 0.0765625
2 0.21171875 0.3328125 0.0515625 0.0546875
2 0.29609375 0.259375 0.0796875 0.0640625
2 0.4375 0.30703125 0.0671875 0.053125
2 0.4921875 0.25 0.08125 0.053125
2 0.62265625 0.259375 0.078125 0.0796875
2 0.7609375 0.31328125 0.0640625 0.078125
2 0.91484375 0.27265625 0.0875 0.090625