0 0.38359375 0.3546875 0.3703125 0.45
2 0.334375 0.1921875 0.0875 0.096875
2 0.78671875 0.26640625 0.1203125 0.1046875
2 0.715625 0.22734375 0.09375 0.0671875
2 0.96328125 0.27578125 0.0734375 0.0703125
0 0.7984375 0.38046875 0.340625 0.3984375
0 0.946875 0.41328125 0.10625 0.3328125
1 0.10703125 0.93046875 0.2140625 0.1390625
1 0.496875 0.8328125 0.14375 0.334375
4 0.1015625 0.9640625 0.19375 0.071875
3 0.484375 0.71796875 0.1578125 0.14375
3 0.1609375 0.88125 0.1265625 0.096875
1 0.75078125 0.78984375 0.3640625 0.4203125
4 0.73828125 0.78984375 0.3390625 0.4203125