2 0.4046875 0.246875 0.0640625 0.1046875
2 0.125 0.0296875 0.0375 0.0390625
2 0.23671875 0.053125 0.03125 0.0375
2 0.33125 0.0390625 0.03125 0.0328125
2 0.4140625 0.0421875 0.0375 0.04375
2 0.53828125 0.065625 0.0390625 0.0375
2 0.75234375 0.0859375 0.053125 0.0375
2 0.84296875 0.03671875 0.0515625 0.040625
0 0.49609375 0.35546875 0.290625 0.4125
0 0.88203125 0.1421875 0.1296875 0.25625
0 0.74609375 0.15078125 0.1234375 0.1734375
0 0.5453125 0.1109375 0.09375 0.1359375
0 0.4203125 0.09296875 0.09375 0.153125
0 0.33125 0.09609375 0.071875 0.1390625
0 0.246875 0.0921875 0.0671875 0.11875
0 0.134375 0.078125 0.0921875 0.1390625