0 0.915625 0.51875 0.13125 0.85625
2 0.91328125 0.1390625 0.1046875 0.078125
4 0.94140625 0.3890625 0.1171875 0.33125
4 0.69296875 0.4734375 0.103125 0.0984375
4 0.415625 0.434375 0.078125 0.1921875
4 0.3 0.4671875 0.0765625 0.1109375
4 0.52265625 0.509375 0.015625 0.0265625
4 0.56171875 0.49609375 0.0484375 0.0453125
4 0.221875 0.46171875 0.0359375 0.0578125
2 0.44140625 0.25546875 0.0578125 0.0578125
2 0.33515625 0.38046875 0.0375 0.0375
2 0.23046875 0.4140625 0.0203125 0.0109375
2 0.48828125 0.3453125 0.0375 0.0296875
2 0.60859375 0.41015625 0.040625 0.065625
2 0.74609375 0.40703125 0.01875 0.0171875
2 0.79296875 0.40703125 0.0265625 0.0203125
2 0.56015625 0.4484375 0.0296875 0.025