4 0.471875 0.2 0.215625 0.4
4 0.3 0.2015625 0.278125 0.403125
4 0.1203125 0.21328125 0.18125 0.4265625
0 0.48125 0.21953125 0.196875 0.4390625
0 0.28671875 0.21953125 0.2046875 0.4390625
0 0.18125 0.21953125 0.146875 0.4390625
0 0.0984375 0.21953125 0.146875 0.4390625
1 0.78984375 0.21953125 0.4203125 0.4390625
3 0.834375 0.125 0.28125 0.25
4 0.78984375 0.309375 0.4203125 0.259375
0 0.28984375 0.71953125 0.5796875 0.5609375
2 0.25078125 0.55625 0.3484375 0.234375
0 0.846875 0.77421875 0.284375 0.4515625
0 0.6578125 0.71953125 0.15625 0.5609375
2 0.87421875 0.67265625 0.134375 0.2265625
2 0.64921875 0.6328125 0.1390625 0.303125