0 0.45390625 0.234375 0.0515625 0.4
0 0.40078125 0.2984375 0.1578125 0.5625
0 0.29296875 0.27265625 0.1953125 0.5453125
0 0.22734375 0.1859375 0.11875 0.35625
0 0.15234375 0.28984375 0.1921875 0.5796875
0 0.07265625 0.25234375 0.1453125 0.5046875
0 0.02265625 0.0625 0.0453125 0.125
2 0.4515625 0.05703125 0.05625 0.0578125
2 0.325 0.0359375 0.0625 0.0640625
2 0.26484375 0.03671875 0.03125 0.0375
2 0.2125 0.01953125 0.065625 0.0390625
2 0.025 0.0125 0.028125 0.025
0 0.584375 0.28984375 0.209375 0.5796875
1 0.3828125 0.78984375 0.19375 0.4203125
2 0.93125 0.803125 0.1375 0.34375
0 0.8359375 0.78984375 0.328125 0.4203125