0 0.4921875 0.1046875 0.18125 0.209375
0 0.3296875 0.2546875 0.234375 0.509375
0 0.09453125 0.1734375 0.1890625 0.346875
4 0.33046875 0.14296875 0.1640625 0.2859375
0 0.853125 0.2640625 0.271875 0.490625
2 0.88125 0.11796875 0.1109375 0.1703125
0 0.15078125 0.7546875 0.3015625 0.490625
0 0.39609375 0.7546875 0.3578125 0.490625
0 0.621875 0.7609375 0.075 0.478125
0 0.5296875 0.7546875 0.18125 0.490625
0 0.034375 0.7546875 0.06875 0.490625
4 0.896875 0.88046875 0.20625 0.2390625
4 0.7625 0.82890625 0.20625 0.3421875
1 0.89765625 0.79453125 0.2046875 0.4109375
1 0.8046875 0.7546875 0.290625 0.490625