2 0.01484375 0.2375 0.0296875 0.05625
2 0.0859375 0.171875 0.0828125 0.0703125
2 0.2015625 0.17578125 0.0734375 0.0578125
2 0.2984375 0.26015625 0.0375 0.1171875
2 0.35546875 0.16328125 0.1 0.0640625
0 0.0828125 0.2265625 0.115625 0.184375
0 0.22421875 0.234375 0.1671875 0.16875
0 0.37109375 0.21875 0.0921875 0.2
0 0.43515625 0.2421875 0.0484375 0.153125
0 0.66171875 0.159375 0.2421875 0.31875
0 0.89921875 0.14296875 0.1328125 0.2859375
0 0.228125 0.659375 0.296875 0.68125
0 0.0640625 0.659375 0.128125 0.68125
4 0.19296875 0.740625 0.3171875 0.51875
4 0.96484375 0.46796875 0.0703125 0.2984375
4 0.678125 0.578125 0.1234375 0.31875
4 0.5234375 0.57109375 0.128125 0.3515625
0 0.959375 0.659375 0.08125 0.68125
0 0.8328125 0.659375 0.171875 0.68125
0 0.68203125 0.659375 0.1453125 0.68125
0 0.53203125 0.659375 0.1453125 0.68125