0 0.90546875 0.590625 0.0796875 0.4546875
0 0.82734375 0.48359375 0.0453125 0.2375
0 0.7671875 0.54296875 0.059375 0.396875
0 0.7 0.6046875 0.078125 0.4875
0 0.6046875 0.6109375 0.0671875 0.546875
0 0.53828125 0.53671875 0.0484375 0.396875
0 0.47265625 0.61953125 0.0734375 0.5703125
0 0.35390625 0.60546875 0.103125 0.540625
0 0.2734375 0.53359375 0.0578125 0.3515625
0 0.21875 0.65078125 0.08125 0.6484375
0 0.11328125 0.6015625 0.0796875 0.55625
0 0.040625 0.446875 0.0453125 0.1234375
2 0.9 0.3796875 0.0765625 0.0625
2 0.82421875 0.36953125 0.028125 0.0390625
2 0.765625 0.37265625 0.0390625 0.0359375
2 0.6875 0.38515625 0.0421875 0.040625
2 0.61875 0.36796875 0.04375 0.05
2 0.5421875 0.54296875 0.021875 0.071875
2 0.47421875 0.36796875 0.0515625 0.05
2 0.34375 0.36875 0.053125 0.0546875
2 0.284375 0.38046875 0.025 0.034375
2 0.228125 0.3609375 0.0578125 0.0546875
2 0.1171875 0.3234375 0.0484375 0.034375
2 0.04453125 0.39375 0.0234375 0.03125