2 0.01484375 0.13984375 0.0296875 0.2796875
0 0.034375 0.2046875 0.06875 0.409375
0 0.08671875 0.2046875 0.1734375 0.409375
0 0.1328125 0.18671875 0.121875 0.3734375
0 0.2 0.2046875 0.146875 0.409375
0 0.25390625 0.2046875 0.1296875 0.409375
0 0.5375 0.2046875 0.4375 0.409375
2 0.4578125 0.05546875 0.2125 0.1109375
4 0.5109375 0.2328125 0.384375 0.353125
0 0.0265625 0.55625 0.053125 0.225
0 0.2375 0.52109375 0.1203125 0.190625
2 0.2171875 0.44765625 0.04375 0.028125
0 0.62578125 0.87578125 0.2390625 0.2484375
0 0.771875 0.84765625 0.209375 0.3046875
0 0.82421875 0.87578125 0.1546875 0.2484375
0 0.9140625 0.828125 0.171875 0.34375
2 0.60234375 0.8265625 0.109375 0.1421875
2 0.91640625 0.7546875 0.078125 0.115625
2 0.7984375 0.80625 0.0640625 0.1046875
2 0.73984375 0.7734375 0.0890625 0.11875