4 0.0109375 0.35625 0.021875 0.096875
4 0.2484375 0.3171875 0.078125 0.19375
4 0.3640625 0.35 0.075 0.109375
4 0.14140625 0.3921875 0.015625 0.0265625
4 0.10234375 0.37890625 0.0484375 0.0453125
4 0.4421875 0.34453125 0.0375 0.0578125
2 0.22265625 0.13828125 0.0578125 0.0578125
2 0.32890625 0.26328125 0.0375 0.0375
2 0.43359375 0.296875 0.0203125 0.009375
2 0.17578125 0.228125 0.0375 0.028125
2 0.05546875 0.29296875 0.040625 0.065625
2 0.10390625 0.33125 0.0296875 0.025
2 0.82265625 0.02734375 0.1296875 0.0546875
0 0.784375 0.21484375 0.43125 0.4296875
2 0.21328125 0.759375 0.0546875 0.053125
2 0.0703125 0.809375 0.05 0.025
2 0.25234375 0.77421875 0.028125 0.0296875
0 0.05234375 0.89140625 0.04375 0.2015625
0 0.1234375 0.834375 0.040625 0.134375
0 0.2 0.8671875 0.09375 0.265625
2 0.6046875 0.5109375 0.071875 0.1625
0 0.953125 0.71484375 0.09375 0.5703125
0 0.615625 0.71484375 0.09375 0.5703125