2 0.06875 0.43125 0.0625 0.0609375
2 0.33515625 0.440625 0.0546875 0.059375
2 0.2171875 0.4578125 0.053125 0.0328125
2 0.03203125 0.4515625 0.0328125 0.034375
0 0.36484375 0.45703125 0.0890625 0.1234375
0 0.246875 0.47578125 0.075 0.0859375
0 0.16875 0.46953125 0.0625 0.0984375
0 0.10234375 0.4578125 0.1421875 0.121875
2 0.49296875 0.0609375 0.1671875 0.121875
2 0.61484375 0.03515625 0.2015625 0.0703125
0 0.7046875 0.259375 0.590625 0.51875
0 0.73984375 0.259375 0.5203125 0.51875
0 0.28515625 0.7421875 0.2484375 0.446875
0 0.2046875 0.74921875 0.265625 0.4609375
0 0.1078125 0.759375 0.215625 0.48125
2 0.49296875 0.6953125 0.0984375 0.109375
0 0.58828125 0.80625 0.3578125 0.3875