2 0.290625 0.19609375 0.053125 0.053125
2 0.4296875 0.22109375 0.0640625 0.075
2 0.52578125 0.225 0.0515625 0.0640625
2 0.2125 0.50546875 0.078125 0.0671875
0 0.5234375 0.3703125 0.090625 0.4375
0 0.459375 0.38203125 0.15 0.4140625
0 0.30390625 0.37890625 0.1203125 0.4203125
0 0.221875 0.39921875 0.128125 0.3796875
2 0.59375 0.0390625 0.05 0.078125
2 0.684375 0.03359375 0.115625 0.0671875
4 0.6015625 0.24765625 0.065625 0.2734375
4 0.703125 0.196875 0.1421875 0.2328125
0 0.6203125 0.2546875 0.103125 0.509375
0 0.72265625 0.25859375 0.1859375 0.5171875
0 0.31640625 0.815625 0.3859375 0.36875
2 0.403125 0.73671875 0.0984375 0.1296875
0 0.7390625 0.79453125 0.340625 0.4109375
0 0.8875 0.79453125 0.225 0.4109375
4 0.77265625 0.82109375 0.3765625 0.3578125