2 0.475 0.25390625 0.103125 0.065625
2 0.71484375 0.2890625 0.078125 0.0578125
2 0.878125 0.25078125 0.1046875 0.0765625
2 0.9484375 0.2859375 0.0859375 0.059375
2 0.58984375 0.31875 0.0734375 0.046875
2 0.34765625 0.29375 0.0796875 0.071875
2 0.2109375 0.2609375 0.090625 0.1125
0 0.08515625 0.5546875 0.1703125 0.8671875
0 0.35546875 0.58828125 0.1171875 0.6921875
0 0.471875 0.59140625 0.1328125 0.7875
0 0.6015625 0.55703125 0.075 0.559375
0 0.7109375 0.5515625 0.109375 0.603125
0 0.87109375 0.54296875 0.1171875 0.684375
0 0.96328125 0.56328125 0.05625 0.6578125
0 0.26796875 0.45703125 0.0265625 0.2
0 0.22265625 0.49921875 0.0953125 0.6078125