2 0.83671875 0.2078125 0.109375 0.0796875
2 0.759375 0.28125 0.046875 0.0328125
2 0.70546875 0.29453125 0.04375 0.05625
2 0.6265625 0.23046875 0.08125 0.06875
2 0.5109375 0.23671875 0.071875 0.05625
2 0.41640625 0.42890625 0.03125 0.328125
2 0.35703125 0.2265625 0.0984375 0.0625
2 0.11875 0.21875 0.0875 0.0578125
0 0.8359375 0.54140625 0.1 0.7859375
0 0.63515625 0.56953125 0.103125 0.75
0 0.49453125 0.58046875 0.1546875 0.734375
0 0.34609375 0.55234375 0.0796875 0.7390625
0 0.2765625 0.4703125 0.0484375 0.4796875
0 0.2140625 0.50625 0.059375 0.565625
0 0.1078125 0.5546875 0.1328125 0.7484375
0 0.75390625 0.49375 0.05625 0.4609375