2 0.4296875 0.18046875 0.11875 0.1484375
4 0.165625 0.4703125 0.33125 0.31875
4 0.3546875 0.45625 0.26875 0.346875
0 0.1640625 0.3671875 0.296875 0.525
0 0.36953125 0.346875 0.2390625 0.565625
0 0.43515625 0.33125 0.1078125 0.596875
0 0.62109375 0.5 0.2640625 0.259375
0 0.84375 0.509375 0.3125 0.240625
2 0.5109375 0.7921875 0.04375 0.06875
2 0.6671875 0.73515625 0.071875 0.078125
2 0.81484375 0.746875 0.0703125 0.0703125
2 0.9453125 0.7390625 0.059375 0.0609375
2 0.58046875 0.73984375 0.05625 0.0578125
0 0.9421875 0.84375 0.115625 0.3125
0 0.83203125 0.8515625 0.1796875 0.296875
0 0.68828125 0.853125 0.1890625 0.29375
0 0.55625 0.88046875 0.134375 0.2390625