2 0.13359375 0.178125 0.0515625 0.05
2 0.2703125 0.21328125 0.059375 0.071875
2 0.36015625 0.22265625 0.0390625 0.0609375
2 0.03515625 0.475 0.0703125 0.05
0 0.3515625 0.325 0.05625 0.35
0 0.28515625 0.33515625 0.1140625 0.3296875
0 0.13203125 0.3265625 0.0890625 0.346875
0 0.04609375 0.34296875 0.0921875 0.3140625
0 0.09296875 0.75 0.1859375 0.5
0 0.26640625 0.75 0.2265625 0.5
2 0.24609375 0.54375 0.1421875 0.0875
4 0.07265625 0.7359375 0.1453125 0.384375
0 0.7375 0.7984375 0.1625 0.403125
0 0.8828125 0.86484375 0.1125 0.2703125
2 0.878125 0.7734375 0.046875 0.065625
2 0.71875 0.68515625 0.0734375 0.090625