2 0.34296875 0.01484375 0.1078125 0.0296875
2 0.5640625 0.04453125 0.05 0.0640625
2 0.45390625 0.06640625 0.0765625 0.0515625
2 0.2140625 0.03125 0.084375 0.0625
2 0.07890625 0.0203125 0.0984375 0.040625
0 0.2015625 0.3 0.165625 0.6
0 0.31640625 0.3 0.1859375 0.6
0 0.44921875 0.3046875 0.1140625 0.5625
0 0.5359375 0.30078125 0.10625 0.5984375
0 0.1234375 0.18125 0.040625 0.2015625
0 0.075 0.26328125 0.1375 0.5265625
0 0.665625 0.384375 0.153125 0.43125
0 0.846875 0.365625 0.30625 0.46875
2 0.83125 0.25859375 0.1421875 0.2296875
0 0.259375 0.8 0.409375 0.4
0 0.47421875 0.8 0.2296875 0.4
2 0.38203125 0.66171875 0.2109375 0.1234375
1 0.7140625 0.8 0.25 0.4