2 0.14375 0.14453125 0.1109375 0.0796875
2 0.0296875 0.1921875 0.059375 0.05625
0 0.16875 0.38515625 0.121875 0.4890625
0 0.109375 0.3546875 0.21875 0.55
0 0.02578125 0.38671875 0.0515625 0.4859375
0 0.43515625 0.31484375 0.4109375 0.6296875
0 0.75546875 0.31484375 0.2734375 0.6296875
0 0.8640625 0.31484375 0.271875 0.6296875
2 0.91796875 0.0578125 0.1640625 0.115625
2 0.834375 0.0578125 0.153125 0.115625
0 0.11484375 0.81484375 0.2296875 0.3703125
2 0.196875 0.77578125 0.065625 0.2703125
0 0.765625 0.82421875 0.46875 0.3515625
2 0.88671875 0.85078125 0.2265625 0.2984375