4 0.47578125 0.2640625 0.2859375 0.290625
0 0.44765625 0.2046875 0.3421875 0.409375
1 0.6671875 0.2046875 0.096875 0.409375
2 0.45703125 0.45 0.1359375 0.08125
2 0.14921875 0.4765625 0.1390625 0.134375
2 0.0390625 0.5484375 0.078125 0.178125
2 0.25078125 0.64921875 0.0984375 0.134375
0 0.4546875 0.7046875 0.328125 0.590625
0 0.22265625 0.7890625 0.1859375 0.421875
0 0.040625 0.7296875 0.08125 0.540625
0 0.159375 0.7046875 0.31875 0.590625
0 0.8765625 0.7046875 0.246875 0.590625
2 0.9171875 0.50390625 0.1109375 0.1703125