0 0.265625 0.24140625 0.528125 0.4828125
0 0.784375 0.24453125 0.43125 0.4890625
0 0.615625 0.24453125 0.171875 0.4890625
0 0.12109375 0.66796875 0.1203125 0.3578125
0 0.1796875 0.68359375 0.13125 0.3890625
0 0.225 0.709375 0.178125 0.440625
0 0.328125 0.72734375 0.190625 0.4765625
0 0.4578125 0.74375 0.14375 0.509375
0 0.453125 0.58203125 0.121875 0.1859375
0 0.928125 0.8109375 0.14375 0.378125
0 0.78125 0.821875 0.2625 0.35625
0 0.60546875 0.86171875 0.1515625 0.2765625
0 0.66875 0.82734375 0.259375 0.3453125
2 0.91875 0.76484375 0.159375 0.1953125
2 0.7421875 0.76875 0.125 0.1828125
2 0.6296875 0.78125 0.1328125 0.16875
2 0.55859375 0.84296875 0.0578125 0.1796875