2 0.32734375 0.01328125 0.1296875 0.0265625
2 0.26953125 0.078125 0.1125 0.1046875
2 0.12578125 0.059375 0.1203125 0.11875
2 0.08203125 0.14453125 0.121875 0.1
0 0.13125 0.3546875 0.2625 0.528125
0 0.22421875 0.309375 0.2296875 0.61875
0 0.33515625 0.32109375 0.2453125 0.5953125
0 0.42265625 0.309375 0.2328125 0.61875
0 0.76953125 0.30546875 0.4609375 0.6109375
4 0.87421875 0.27109375 0.2515625 0.5421875
0 0.296875 0.809375 0.484375 0.38125
0 0.840625 0.809375 0.31875 0.38125
0 0.63984375 0.834375 0.2015625 0.33125
2 0.81484375 0.7171875 0.175 0.14375