2 0.35 0.384375 0.05625 0.0546875
2 0.609375 0.44375 0.05 0.0546875
2 0.490625 0.4390625 0.0515625 0.0265625
2 0.31015625 0.39765625 0.0296875 0.03125
0 0.615625 0.49296875 0.046875 0.1734375
0 0.5046875 0.5 0.05 0.159375
0 0.43671875 0.4625 0.046875 0.1359375
0 0.35703125 0.46875 0.1046875 0.221875
0 0.6578125 0.3703125 0.0375 0.41875
0 0.715625 0.37265625 0.103125 0.4140625
0 0.8125 0.32890625 0.18125 0.5015625
0 0.92890625 0.328125 0.1421875 0.503125
2 0.72578125 0.19921875 0.053125 0.05625
2 0.8125 0.12890625 0.08125 0.065625
2 0.95234375 0.18125 0.06875 0.0546875
2 0.98359375 0.1265625 0.0328125 0.05625
4 0.31953125 0.8640625 0.6390625 0.271875
1 0.92578125 0.8765625 0.0953125 0.246875
1 0.85078125 0.8734375 0.053125 0.2390625
1 0.78828125 0.865625 0.0734375 0.26875
1 0.71953125 0.871875 0.0953125 0.25625
3 0.92734375 0.771875 0.078125 0.065625
3 0.85234375 0.759375 0.0296875 0.040625
3 0.79296875 0.76015625 0.040625 0.0375
3 0.71484375 0.76953125 0.04375 0.0421875
3 0.65390625 0.74921875 0.0296875 0.0515625