4 0.3390625 0.3125 0.0875 0.196875
4 0.225 0.35078125 0.08125 0.1140625
4 0.45 0.38125 0.0171875 0.0265625
4 0.47109375 0.36640625 0.0171875 0.0484375
4 0.146875 0.35 0.0390625 0.059375
2 0.35546875 0.13203125 0.0609375 0.0609375
2 0.25546875 0.2625 0.0390625 0.0390625
2 0.153125 0.3015625 0.0203125 0.0109375
2 0.40703125 0.21953125 0.0390625 0.03125
2 0.4734375 0.31796875 0.0125 0.0265625
0 0.98125 0.24296875 0.0375 0.4859375
0 0.9375 0.22421875 0.125 0.4296875
0 0.7859375 0.22890625 0.1265625 0.3875
0 0.5859375 0.2546875 0.19375 0.490625
0 0.49296875 0.2171875 0.0265625 0.28125
0 0.7234375 0.24453125 0.103125 0.4234375
1 0.06484375 0.75 0.1296875 0.5
2 0.96640625 0.509375 0.0515625 0.01875
0 0.98046875 0.59375 0.0390625 0.1875
0 0.91484375 0.55078125 0.0484375 0.1015625
0 0.8421875 0.63125 0.109375 0.2625