0 0.1828125 0.125 0.159375 0.25
0 0.3546875 0.125 0.165625 0.25
4 0.7140625 0.03671875 0.409375 0.0734375
0 0.70703125 0.121875 0.3953125 0.24375
0 0.9140625 0.103125 0.171875 0.20625
0 0.478125 0.8171875 0.0625 0.26875
0 0.18359375 0.35234375 0.1640625 0.2046875
0 0.32109375 0.3578125 0.1453125 0.215625
2 0.20390625 0.26484375 0.0640625 0.0296875
2 0.31328125 0.25859375 0.0796875 0.0171875
0 0.78515625 0.74375 0.159375 0.2796875
0 0.975 0.7140625 0.05 0.56875
2 0.77109375 0.671875 0.075 0.109375