0 0.31484375 0.21953125 0.6296875 0.4390625
4 0.31796875 0.21953125 0.6046875 0.4390625
0 0.04140625 0.825 0.0828125 0.35
0 0.15234375 0.8484375 0.1421875 0.303125
0 0.3125 0.85390625 0.115625 0.2921875
0 0.5265625 0.8703125 0.084375 0.259375
0 0.5984375 0.85859375 0.0625 0.2828125
0 0.70234375 0.8453125 0.1453125 0.309375
0 0.8734375 0.88125 0.1875 0.2375
0 0.96328125 0.87578125 0.0734375 0.2484375
2 0.98203125 0.78515625 0.0359375 0.0671875
2 0.88046875 0.81796875 0.109375 0.096875
2 0.68984375 0.7328125 0.0796875 0.0953125