2 0.459375 0.26875 0.0796875 0.075
2 0.41953125 0.36796875 0.0953125 0.0859375
2 0.334375 0.225 0.0703125 0.0640625
2 0.19765625 0.28984375 0.084375 0.071875
2 0.0609375 0.20625 0.096875 0.1
0 0.07421875 0.4078125 0.1484375 0.521875
0 0.190625 0.45390625 0.2 0.4296875
0 0.3453125 0.4265625 0.209375 0.484375
0 0.45703125 0.49765625 0.2140625 0.3421875
0 0.48671875 0.415625 0.178125 0.40625
3 0.94921875 0.2484375 0.1015625 0.1
3 0.78203125 0.1484375 0.103125 0.08125
1 0.78203125 0.3859375 0.3046875 0.565625
1 0.93984375 0.42578125 0.1203125 0.4859375
0 0.27734375 0.90625 0.5171875 0.1875
0 0.18203125 0.946875 0.2546875 0.10625
0 0.9109375 0.884375 0.178125 0.23125
2 0.9109375 0.83671875 0.109375 0.1296875