2 0.14375 0.04765625 0.140625 0.0953125
2 0.4171875 0.06328125 0.065625 0.1265625
0 0.39375 0.25390625 0.1125 0.5078125
0 0.19765625 0.259375 0.2671875 0.51875
0 0.0671875 0.259375 0.134375 0.51875
0 0.8453125 0.259375 0.309375 0.51875
0 0.55390625 0.259375 0.2078125 0.51875
2 0.271875 0.55859375 0.171875 0.0796875
4 0.2640625 0.6828125 0.2609375 0.278125
0 0.2859375 0.759375 0.328125 0.48125
0 0.9109375 0.72734375 0.178125 0.4171875
0 0.7765625 0.6390625 0.1375 0.240625
0 0.68046875 0.7203125 0.2109375 0.403125