2 0.015625 0.18984375 0.03125 0.0515625
0 0.225 0.1546875 0.1375 0.309375
0 0.0734375 0.1546875 0.13125 0.309375
0 0.02421875 0.2328125 0.0484375 0.153125
2 0.484375 0.06953125 0.090625 0.1015625
2 0.696875 0.06171875 0.0921875 0.08125
2 0.909375 0.07734375 0.0984375 0.0875
0 0.52265625 0.1546875 0.1671875 0.309375
0 0.71875 0.1578125 0.2375 0.303125
0 0.92109375 0.16015625 0.1578125 0.2984375
0 0.16875 0.6984375 0.3125 0.603125
0 0.37578125 0.675 0.1265625 0.65
2 0.41484375 0.41328125 0.0484375 0.0984375
2 0.1328125 0.46640625 0.140625 0.0953125
2 0.2765625 0.4765625 0.0953125 0.071875
0 0.93984375 0.6546875 0.1203125 0.690625