0 0.3421875 0.21171875 0.153125 0.3546875
0 0.06875 0.23515625 0.128125 0.3078125
2 0.05234375 0.12265625 0.0703125 0.08125
2 0.30078125 0.08359375 0.05625 0.0734375
0 0.915625 0.2921875 0.16875 0.19375
0 0.75546875 0.28125 0.1328125 0.215625
2 0.76015625 0.21875 0.0625 0.0734375
0 0.1875 0.8515625 0.1625 0.296875
0 0.07890625 0.84921875 0.1390625 0.3015625
4 0.08359375 0.84375 0.1 0.1703125
2 0.0875 0.72734375 0.065625 0.046875
2 0.1796875 0.7390625 0.0609375 0.06875
0 0.72109375 0.684375 0.0640625 0.146875
2 0.715625 0.63203125 0.0375 0.0359375