0 0.43828125 0.63203125 0.2171875 0.1359375
0 0.4515625 0.484375 0.2234375 0.19375
2 0.4671875 0.60703125 0.1078125 0.078125
4 0.44453125 0.67890625 0.1640625 0.0421875
4 0.4640625 0.48515625 0.1515625 0.1078125
2 0.871875 0.35625 0.0515625 0.05625
2 0.98125 0.32890625 0.0375 0.0421875
2 0.753125 0.346875 0.0515625 0.028125
0 0.959375 0.48828125 0.08125 0.3921875
0 0.88828125 0.478125 0.0890625 0.31875
0 0.765625 0.43046875 0.0578125 0.2046875
0 0.4953125 0.83203125 0.121875 0.2640625
0 0.66796875 0.84453125 0.1015625 0.2890625
0 0.57578125 0.83203125 0.0890625 0.2640625