0 0.28515625 0.27109375 0.1484375 0.3953125
0 0.234375 0.275 0.178125 0.3875
0 0.15 0.26015625 0.18125 0.4171875
0 0.07890625 0.2484375 0.1578125 0.43125
0 0.0328125 0.21875 0.065625 0.4375
0 0.759375 0.234375 0.346875 0.46875
2 0.82578125 0.05859375 0.0890625 0.1171875
2 0.33828125 0.6671875 0.0421875 0.328125
2 0.325 0.4828125 0.06875 0.028125
0 0.3125 0.734375 0.09375 0.53125
0 0.2609375 0.734375 0.196875 0.53125
0 0.21953125 0.69453125 0.1390625 0.4515625
0 0.15 0.728125 0.165625 0.51875
0 0.08671875 0.734375 0.1734375 0.53125
0 0.47578125 0.7765625 0.2328125 0.446875
0 0.91171875 0.83046875 0.1765625 0.3390625
0 0.7640625 0.809375 0.2625 0.38125
0 0.64609375 0.790625 0.2703125 0.41875
0 0.846875 0.834375 0.203125 0.33125
2 0.45390625 0.671875 0.1515625 0.196875
2 0.67734375 0.6734375 0.10625 0.1296875
2 0.79140625 0.721875 0.1046875 0.1421875
2 0.871875 0.74296875 0.090625 0.109375
2 0.9671875 0.7765625 0.065625 0.1625