0 0.7015625 0.18984375 0.596875 0.3796875
2 0.71796875 0.1453125 0.2515625 0.290625
4 0.703125 0.334375 0.534375 0.090625
2 0.040625 0.59609375 0.06875 0.0625
2 0.07421875 0.39375 0.0609375 0.028125
0 0.1125 0.89921875 0.19375 0.2015625
0 0.046875 0.7578125 0.09375 0.4125
0 0.2171875 0.66171875 0.153125 0.39375
0 0.34140625 0.40546875 0.1171875 0.0515625
0 0.2375 0.4125 0.090625 0.065625
0 0.1859375 0.50625 0.1125 0.253125
0 0.11640625 0.41171875 0.1015625 0.0640625
0 0.05078125 0.52265625 0.1015625 0.2859375
0 0.67734375 0.68984375 0.5546875 0.6203125
2 0.6796875 0.45625 0.271875 0.153125