0 0.1796875 0.19453125 0.359375 0.3890625
0 0.609375 0.19453125 0.5 0.3890625
0 0.80546875 0.2546875 0.3078125 0.26875
0 0.92890625 0.2328125 0.1421875 0.3125
2 0.83828125 0.24140625 0.1609375 0.209375
0 0.2359375 0.7296875 0.246875 0.540625
0 0.75703125 0.8046875 0.2796875 0.390625
0 0.6875 0.60078125 0.171875 0.4234375
0 0.825 0.59296875 0.15625 0.4078125
0 0.9328125 0.715625 0.134375 0.56875
2 0.75703125 0.70859375 0.13125 0.1640625
2 0.69921875 0.4296875 0.0796875 0.08125
2 0.821875 0.4484375 0.0875 0.11875