0 0.196875 0.275 0.1625 0.55
0 0.31640625 0.23203125 0.1265625 0.4640625
0 0.09609375 0.13515625 0.1140625 0.2703125
0 0.03046875 0.14765625 0.0609375 0.2953125
2 0.209375 0.04609375 0.08125 0.0921875
0 0.55625 0.275 0.134375 0.55
0 0.7 0.275 0.26875 0.55
2 0.55234375 0.08203125 0.1265625 0.1640625
2 0.71796875 0.09140625 0.1640625 0.1828125
2 0.83046875 0.13046875 0.109375 0.1828125
2 0.93828125 0.1515625 0.084375 0.1578125
0 0.05390625 0.69375 0.1078125 0.24375
2 0.13046875 0.9109375 0.0578125 0.0609375
2 0.08046875 0.6046875 0.0484375 0.059375
0 0.10390625 0.9359375 0.1234375 0.128125
0 0.82734375 0.775 0.3453125 0.45