0 0.42734375 0.334375 0.2046875 0.16875
0 0.4109375 0.165625 0.2171875 0.1875
2 0.4390625 0.2859375 0.1078125 0.0734375
4 0.43359375 0.3796875 0.1578125 0.078125
4 0.4234375 0.16484375 0.1484375 0.103125
2 0.8234375 0.034375 0.121875 0.06875
0 0.84140625 0.209375 0.2796875 0.41875
0 0.63828125 0.2640625 0.2171875 0.309375
0 0.0359375 0.9046875 0.071875 0.190625
0 0.17734375 0.90234375 0.0828125 0.1953125
0 0.2296875 0.90546875 0.065625 0.1890625
0 0.30546875 0.85390625 0.0875 0.2375
0 0.36640625 0.84296875 0.103125 0.1734375
2 0.0265625 0.8234375 0.034375 0.03125
2 0.18515625 0.8296875 0.03125 0.028125
2 0.22421875 0.8234375 0.0359375 0.034375
2 0.30625 0.78359375 0.040625 0.028125
2 0.353125 0.7796875 0.059375 0.0296875
0 0.6953125 0.709375 0.33125 0.58125
2 0.59453125 0.6109375 0.1296875 0.1875