2 0.3859375 0.503125 0.065625 0.034375
2 0.27890625 0.52578125 0.0390625 0.0078125
2 0.83671875 0.171875 0.1046875 0.06875
2 0.94921875 0.240625 0.075 0.05
2 0.7078125 0.20703125 0.0828125 0.075
2 0.57265625 0.16953125 0.09375 0.115625
0 0.4828125 0.27578125 0.10625 0.5078125
0 0.7046875 0.34140625 0.140625 0.3765625
0 0.821875 0.32109375 0.159375 0.4171875
0 0.9515625 0.3640625 0.09375 0.33125
0 0.62265625 0.36796875 0.0328125 0.2015625
0 0.57578125 0.31640625 0.1171875 0.4265625
0 0.33515625 0.89140625 0.1890625 0.2171875
0 0.2015625 0.76484375 0.303125 0.4703125
2 0.17265625 0.74375 0.1765625 0.2390625
2 0.36484375 0.8765625 0.1296875 0.240625
0 0.53984375 0.66875 0.2203125 0.278125