0 0.40390625 0.2140625 0.2421875 0.35
0 0.21015625 0.26171875 0.1703125 0.2546875
0 0.0984375 0.23046875 0.196875 0.3171875
2 0.51796875 0.1796875 0.1 0.0828125
0 0.8671875 0.19453125 0.265625 0.3890625
2 0.9375 0.0765625 0.125 0.153125
4 0.846875 0.23515625 0.30625 0.3078125
2 0.13984375 0.58203125 0.275 0.2640625
4 0.11953125 0.87421875 0.2390625 0.2515625
0 0.16796875 0.70703125 0.3359375 0.5859375
0 0.82578125 0.8171875 0.3078125 0.365625
2 0.9171875 0.696875 0.1390625 0.15
2 0.97890625 0.82265625 0.0421875 0.0953125