2 0.09609375 0.17890625 0.13125 0.1328125
2 0.26953125 0.2515625 0.1265625 0.1234375
2 0.39765625 0.1171875 0.121875 0.1125
2 0.5609375 0.1734375 0.1375 0.1890625
0 0.5546875 0.3640625 0.25625 0.590625
0 0.375 0.3484375 0.228125 0.621875
0 0.2296875 0.40625 0.190625 0.50625
0 0.09609375 0.32421875 0.1921875 0.4453125
0 0.96484375 0.53046875 0.0703125 0.2578125
4 0.39921875 0.8296875 0.5453125 0.340625
1 0.40703125 0.8296875 0.6453125 0.340625
2 0.86484375 0.78203125 0.2703125 0.2453125
0 0.86484375 0.8296875 0.2703125 0.340625