2 0.2359375 0.18671875 0.3453125 0.346875
0 0.2921875 0.31015625 0.475 0.6171875
4 0.8921875 0.38671875 0.18125 0.4640625
4 0.7390625 0.375 0.21875 0.4875
0 0.2671875 0.85 0.325 0.3
0 0.09453125 0.809375 0.1890625 0.38125
2 0.328125 0.8359375 0.1453125 0.2328125
2 0.09375 0.76953125 0.1875 0.3015625
0 0.875 0.83828125 0.25 0.3234375
0 0.68515625 0.81796875 0.2046875 0.3640625
0 0.60703125 0.8125 0.1546875 0.375
2 0.89453125 0.80390625 0.1328125 0.209375
2 0.6984375 0.76953125 0.10625 0.14375
2 0.5875 0.75859375 0.115625 0.1890625