0 0.053125 0.225 0.10625 0.45
0 0.53984375 0.225 0.2203125 0.45
4 0.51171875 0.15546875 0.1640625 0.3109375
4 0.73828125 0.2640625 0.11875 0.115625
4 0.98125 0.2734375 0.0375 0.203125
4 0.89921875 0.32890625 0.0203125 0.028125
4 0.86328125 0.30859375 0.05625 0.053125
2 0.96171875 0.1734375 0.0421875 0.0359375
2 0.83203125 0.21640625 0.0515625 0.071875
2 0.696875 0.1890625 0.021875 0.0203125
2 0.65078125 0.18125 0.0296875 0.025
2 0.8734375 0.2625 0.0328125 0.0296875
1 0.146875 0.725 0.29375 0.55
4 0.1125 0.725 0.225 0.55
4 0.68515625 0.853125 0.5109375 0.29375
0 0.71484375 0.725 0.5703125 0.55