0 0.21953125 0.48515625 0.1328125 0.4671875
0 0.10859375 0.459375 0.0984375 0.51875
0 0.33984375 0.39375 0.096875 0.3375
0 0.42109375 0.41328125 0.0765625 0.36875
0 0.49375 0.44453125 0.1125 0.5484375
2 0.23515625 0.315625 0.075 0.109375
2 0.5203125 0.22109375 0.059375 0.0828125
2 0.41015625 0.26328125 0.04375 0.0328125
2 0.35546875 0.26171875 0.05 0.0453125
2 0.47109375 0.25703125 0.0328125 0.0515625
0 0.6140625 0.4046875 0.128125 0.628125
0 0.91953125 0.359375 0.1609375 0.71875
2 0.6109375 0.178125 0.1078125 0.1375
2 0.953125 0.09375 0.09375 0.165625
0 0.16484375 0.859375 0.3296875 0.28125
0 0.734375 0.778125 0.18125 0.11875
0 0.60625 0.8296875 0.1125 0.221875