0 0.25 0.2625 0.128125 0.515625
0 0.01328125 0.278125 0.0265625 0.484375
2 0.21875 0.04921875 0.053125 0.0703125
0 0.77890625 0.42890625 0.1765625 0.2421875
0 0.9 0.41328125 0.15 0.2734375
2 0.896875 0.3 0.0765625 0.040625
2 0.7765625 0.34140625 0.0734375 0.0609375
2 0.71953125 0.31953125 0.0484375 0.059375
2 0.6953125 0.24609375 0.03125 0.0328125
0 0.23671875 0.803125 0.1640625 0.39375
0 0.08671875 0.871875 0.1453125 0.25625
2 0.2328125 0.6828125 0.11875 0.1375
1 0.83984375 0.775 0.3203125 0.45
4 0.83984375 0.775 0.3203125 0.45