2 0.1359375 0.1875 0.065625 0.053125
2 0.22578125 0.19140625 0.0640625 0.0390625
2 0.32734375 0.1640625 0.0984375 0.06875
0 0.1296875 0.3890625 0.109375 0.48125
0 0.2296875 0.3828125 0.071875 0.49375
0 0.3296875 0.36796875 0.1125 0.5234375
0 0.709375 0.31484375 0.58125 0.6296875
4 0.73359375 0.3578125 0.5328125 0.54375
0 0.01640625 0.81484375 0.0328125 0.3703125
0 0.02265625 0.7390625 0.0453125 0.21875
0 0.1453125 0.74140625 0.071875 0.2234375
0 0.18984375 0.7375 0.0578125 0.215625
0 0.24765625 0.7375 0.0671875 0.215625
0 0.3171875 0.78203125 0.071875 0.3046875
0 0.38515625 0.740625 0.0671875 0.221875
2 0.3203125 0.6390625 0.034375 0.01875
0 0.56875 0.81484375 0.3 0.3703125
0 0.8859375 0.81484375 0.228125 0.3703125