2 0.54453125 0.2234375 0.1484375 0.1390625
4 0.86484375 0.44375 0.2703125 0.25
4 0.665625 0.44453125 0.278125 0.2484375
4 0.4859375 0.4796875 0.18125 0.178125
4 0.34296875 0.44453125 0.0671875 0.2484375
2 0.325 0.16328125 0.03125 0.1078125
0 0.8703125 0.3390625 0.24375 0.459375
0 0.65234375 0.33359375 0.2046875 0.4703125
0 0.54609375 0.32421875 0.1453125 0.4890625
0 0.3453125 0.32578125 0.071875 0.4859375
0 0.4640625 0.40234375 0.146875 0.3328125
2 0.17734375 0.6609375 0.1046875 0.06875
2 0.06484375 0.7296875 0.075 0.05
2 0.28671875 0.6953125 0.0453125 0.075
0 0.2734375 0.82109375 0.071875 0.3578125
0 0.19140625 0.80078125 0.1609375 0.3984375
0 0.0609375 0.84375 0.09375 0.3125
2 0.63203125 0.71796875 0.16875 0.1875
0 0.646875 0.80859375 0.675 0.3828125