0 0.16796875 0.259375 0.3359375 0.51875
2 0.115625 0.08359375 0.23125 0.1671875
0 0.56640625 0.44921875 0.2015625 0.1390625
0 0.78515625 0.41484375 0.1671875 0.2078125
0 0.88046875 0.41171875 0.1640625 0.2140625
2 0.61796875 0.4625 0.0765625 0.08125
2 0.81015625 0.384375 0.0640625 0.0984375
2 0.8890625 0.41015625 0.0375 0.0875
0 0.22109375 0.91640625 0.2140625 0.1671875
2 0.2546875 0.91796875 0.0984375 0.1015625
2 0.36640625 0.94140625 0.0265625 0.1171875
0 0.63046875 0.759375 0.4859375 0.48125
0 0.84375 0.71015625 0.2 0.3828125