0 0.3640625 0.25390625 0.121875 0.3515625
0 0.22734375 0.24296875 0.1578125 0.3734375
0 0.14453125 0.25 0.1359375 0.359375
0 0.06328125 0.2390625 0.1265625 0.38125
0 0.021875 0.23359375 0.04375 0.3921875
2 0.634375 0.18828125 0.09375 0.10625
0 0.65859375 0.278125 0.3265625 0.303125
0 0.07578125 0.77734375 0.1515625 0.4453125
0 0.16796875 0.75859375 0.2140625 0.4828125
0 0.30546875 0.76640625 0.2203125 0.4671875
2 0.20078125 0.559375 0.0734375 0.05625
2 0.4671875 0.5984375 0.034375 0.134375
2 0.48203125 0.53515625 0.0640625 0.1109375
2 0.6984375 0.5859375 0.1078125 0.11875
0 0.70703125 0.76015625 0.3078125 0.4796875