2 0.34140625 0.47734375 0.03125 0.03125
2 0.39296875 0.465625 0.04375 0.0265625
2 0.52421875 0.46015625 0.034375 0.0328125
2 0.68515625 0.49921875 0.05625 0.04375
2 0.72890625 0.45 0.0359375 0.0359375
2 0.77421875 0.4703125 0.04375 0.028125
0 0.33828125 0.6140625 0.059375 0.3109375
0 0.39453125 0.58984375 0.05 0.290625
0 0.52578125 0.59921875 0.0609375 0.3140625
0 0.56953125 0.60546875 0.01875 0.33125
0 0.6 0.5984375 0.015625 0.334375
0 0.63046875 0.6125 0.040625 0.3453125
0 0.6921875 0.62421875 0.0796875 0.290625
0 0.77734375 0.61796875 0.0640625 0.321875