2 0.59765625 0.26875 0.0421875 0.03125
2 0.47109375 0.2484375 0.0375 0.0375
2 0.30703125 0.2671875 0.0609375 0.05
2 0.26953125 0.21328125 0.040625 0.040625
2 0.221875 0.228125 0.046875 0.0328125
0 0.60390625 0.4234375 0.0296875 0.315625
0 0.58046875 0.39296875 0.0765625 0.2953125
0 0.453125 0.3859375 0.0984375 0.31875
0 0.40859375 0.38671875 0.059375 0.33125
0 0.3796875 0.37578125 0.05625 0.334375
0 0.34765625 0.38671875 0.0828125 0.346875
0 0.284375 0.390625 0.1140625 0.2984375
0 0.20078125 0.37421875 0.103125 0.3265625
0 0.809375 0.3 0.38125 0.6
0 0.04375 0.8 0.0875 0.4
0 0.48046875 0.8 0.2765625 0.4
0 0.32421875 0.8 0.3390625 0.4
2 0.3453125 0.68359375 0.1625 0.1671875
2 0.515625 0.678125 0.20625 0.15625
4 0.809375 0.8 0.38125 0.4
4 0.659375 0.8 0.08125 0.4
0 0.809375 0.8 0.38125 0.4
0 0.6765625 0.8 0.115625 0.4