2 0.32421875 0.23828125 0.03125 0.03125
2 0.27265625 0.2265625 0.04375 0.025
2 0.14140625 0.22109375 0.034375 0.0328125
0 0.32734375 0.375 0.059375 0.309375
0 0.27109375 0.35078125 0.05 0.290625
0 0.13984375 0.36015625 0.0609375 0.3140625
0 0.09609375 0.36640625 0.01875 0.33125
0 0.065625 0.359375 0.015625 0.334375
0 0.03515625 0.3734375 0.040625 0.34375
0 0.7453125 0.3796875 0.253125 0.759375
0 0.115625 0.8796875 0.171875 0.240625
0 0.290625 0.8796875 0.1125 0.240625
0 0.3609375 0.8796875 0.115625 0.240625