2 0.13671875 0.14375 0.2734375 0.215625
0 0.134375 0.184375 0.26875 0.36875
0 0.59375 0.184375 0.06875 0.36875
0 0.6703125 0.1890625 0.196875 0.359375
0 0.75703125 0.20859375 0.1703125 0.3203125
0 0.85859375 0.2109375 0.1734375 0.315625
0 0.92890625 0.2171875 0.1421875 0.303125
0 0.08359375 0.68046875 0.1671875 0.6234375
0 0.20390625 0.6609375 0.2203125 0.584375
0 0.26015625 0.6546875 0.1625 0.4578125
0 0.3828125 0.6609375 0.2375 0.5828125
0 0.49375 0.7203125 0.13125 0.559375
2 0.0984375 0.4375 0.1125 0.1375
2 0.4203125 0.46953125 0.0796875 0.1171875
2 0.54609375 0.52109375 0.0265625 0.1296875
2 0.29140625 0.4796875 0.065625 0.10625
2 0.246875 0.4296875 0.090625 0.11875
0 0.86875 0.7046875 0.2625 0.590625
0 0.771875 0.83671875 0.26875 0.3265625
2 0.92421875 0.70234375 0.1515625 0.5265625
2 0.8140625 0.76328125 0.1359375 0.1546875