0 0.71953125 0.1546875 0.5609375 0.309375
4 0.71953125 0.1546875 0.5609375 0.309375
0 0.12421875 0.74609375 0.2484375 0.4234375
2 0.040625 0.62890625 0.08125 0.0953125
0 0.93984375 0.76015625 0.1203125 0.4796875
0 0.878125 0.73359375 0.109375 0.4
0 0.825 0.76875 0.1625 0.4625
0 0.70546875 0.77734375 0.1859375 0.4453125
0 0.615625 0.771875 0.1125 0.35625
0 0.5796875 0.784375 0.18125 0.43125
0 0.49453125 0.79140625 0.1109375 0.4171875
2 0.98828125 0.559375 0.0234375 0.046875
2 0.93125 0.55390625 0.0515625 0.05625
2 0.8828125 0.7390625 0.0328125 0.075
2 0.78828125 0.5765625 0.059375 0.0578125
2 0.659375 0.59765625 0.0609375 0.0625
2 0.60234375 0.61875 0.0296875 0.0375
2 0.54375 0.60859375 0.065625 0.0625
2 0.446875 0.58828125 0.015625 0.0421875