0 0.7546875 0.29453125 0.390625 0.5890625
2 0.68515625 0.09453125 0.2015625 0.1890625
1 0.25703125 0.6203125 0.1046875 0.0625
1 0.125 0.60703125 0.1 0.0359375
1 0.09375 0.678125 0.1203125 0.109375
1 0.13359375 0.815625 0.121875 0.153125
1 0.23671875 0.80703125 0.128125 0.14375
1 0.32421875 0.73359375 0.1453125 0.1171875
3 0.13046875 0.596875 0.0703125 0.015625
3 0.25625 0.6046875 0.0625 0.03125
3 0.32421875 0.74609375 0.0625 0.08125
3 0.22109375 0.79375 0.05 0.0859375
3 0.16796875 0.7703125 0.0546875 0.0703125
3 0.11640625 0.67421875 0.0640625 0.075
0 0.75625 0.90625 0.15625 0.1875
0 0.91484375 0.825 0.1671875 0.35
2 0.7625 0.88828125 0.0875 0.0921875
2 0.915625 0.8890625 0.0921875 0.109375