2 0.1625 0.16484375 0.10625 0.0890625
2 0.42265625 0.2328125 0.1265625 0.1015625
2 0.57578125 0.13515625 0.0484375 0.0828125
0 0.51875 0.34921875 0.1625 0.5203125
0 0.37890625 0.3875 0.2515625 0.44375
0 0.153125 0.359375 0.303125 0.5
0 0.7171875 0.3046875 0.234375 0.609375
0 0.85 0.3046875 0.25625 0.609375
0 0.9296875 0.3046875 0.140625 0.609375
0 0.959375 0.31953125 0.08125 0.5796875
2 0.90234375 0.04375 0.1140625 0.0875
2 0.98046875 0.10078125 0.0390625 0.1515625
0 0.09921875 0.8046875 0.1984375 0.390625
0 0.734375 0.8046875 0.26875 0.390625