2 0.40234375 0.37265625 0.10625 0.090625
2 0.13359375 0.37109375 0.128125 0.103125
2 0.01796875 0.2296875 0.0359375 0.084375
0 0.5796875 0.21484375 0.240625 0.4296875
2 0.4328125 0.5359375 0.053125 0.08125
2 0.228125 0.503125 0.0890625 0.0671875
2 0.1078125 0.509375 0.071875 0.0640625
0 0.08125 0.7328125 0.1625 0.534375
0 0.18828125 0.73515625 0.1953125 0.5296875
0 0.39140625 0.74765625 0.1359375 0.5046875
0 0.8515625 0.8390625 0.209375 0.321875
0 0.67734375 0.8140625 0.2109375 0.371875
0 0.5671875 0.79453125 0.215625 0.4109375
0 0.50078125 0.825 0.0828125 0.35
0 0.91875 0.8234375 0.1625 0.353125