0 0.21484375 0.35625 0.3359375 0.346875
4 0.26171875 0.44765625 0.2296875 0.1640625
4 0.9578125 0.21640625 0.084375 0.3015625
1 0.90859375 0.26484375 0.1828125 0.5296875
1 0.4953125 0.91171875 0.109375 0.1765625
1 0.359375 0.884375 0.13125 0.23125
1 0.23359375 0.88359375 0.1359375 0.2328125
1 0.07578125 0.90234375 0.1203125 0.1953125
3 0.2296875 0.796875 0.0765625 0.0484375
3 0.3546875 0.8015625 0.059375 0.059375
3 0.42109375 0.84453125 0.0328125 0.0515625
3 0.4984375 0.85625 0.0578125 0.040625
3 0.0609375 0.97421875 0.046875 0.0515625
0 0.75 0.775 0.340625 0.45
0 0.646875 0.76484375 0.134375 0.4703125
2 0.78359375 0.6640625 0.1765625 0.2328125
2 0.6375 0.5921875 0.115625 0.125