0 0.06171875 0.275 0.1234375 0.55
3 0.56875 0.1203125 0.103125 0.1515625
1 0.4921875 0.28046875 0.265625 0.5390625
1 0.496875 0.3703125 0.275 0.359375
3 0.58515625 0.2640625 0.09375 0.1046875
3 0.096875 0.740625 0.09375 0.090625
3 0.2625 0.8046875 0.0890625 0.0703125
1 0.0765625 0.840625 0.153125 0.31875
1 0.2078125 0.87890625 0.240625 0.2421875
1 0.28515625 0.84296875 0.1484375 0.3140625
1 0.5890625 0.775 0.459375 0.45
1 0.6734375 0.71328125 0.16875 0.321875
3 0.6734375 0.6328125 0.06875 0.1265625