0 0.27890625 0.23984375 0.3890625 0.4796875
4 0.290625 0.29765625 0.25 0.3328125
1 0.9453125 0.23984375 0.109375 0.4796875
1 0.9265625 0.24765625 0.146875 0.4640625
1 0.86953125 0.23984375 0.2328125 0.4796875
1 0.69375 0.36328125 0.209375 0.2328125
1 0.66171875 0.3046875 0.1453125 0.35
1 0.665625 0.23984375 0.153125 0.4796875
1 0.77421875 0.24296875 0.1890625 0.4734375
1 0.73984375 0.21796875 0.103125 0.3359375
3 0.9859375 0.05625 0.028125 0.071875
3 0.91796875 0.0453125 0.06875 0.059375
3 0.82421875 0.05390625 0.05625 0.0625
3 0.76328125 0.0875 0.0578125 0.065625
3 0.68828125 0.02578125 0.0671875 0.0515625
3 0.67109375 0.28984375 0.0953125 0.08125
4 0.22734375 0.79609375 0.4265625 0.4078125
1 0.24140625 0.73984375 0.4828125 0.5203125
0 0.76171875 0.7875 0.3078125 0.3953125
0 0.6421875 0.5640625 0.10625 0.16875
2 0.69921875 0.75546875 0.103125 0.0828125