0 0.50234375 0.234375 0.1140625 0.46875
1 0.75078125 0.27265625 0.2296875 0.3921875
1 0.84453125 0.2875 0.1515625 0.3625
3 0.87421875 0.15078125 0.0640625 0.08125
3 0.7640625 0.1203125 0.0734375 0.08125
4 0.084375 0.634375 0.15 0.33125
4 0.35703125 0.74921875 0.4046875 0.5015625
1 0.08984375 0.734375 0.1578125 0.53125
1 0.34609375 0.734375 0.4265625 0.53125
3 0.72421875 0.575 0.0921875 0.103125
3 0.84921875 0.5 0.1328125 0.0625
3 0.9171875 0.584375 0.096875 0.0921875
3 0.80078125 0.575 0.0765625 0.1015625
1 0.69765625 0.759375 0.1453125 0.48125
1 0.82265625 0.734375 0.2171875 0.53125
1 0.8984375 0.7703125 0.14375 0.459375
1 0.78359375 0.734375 0.0953125 0.4171875