0 0.146875 0.59296875 0.1734375 0.8140625
0 0.30859375 0.5921875 0.1375 0.815625
0 0.4359375 0.56484375 0.128125 0.7546875
0 0.58671875 0.57109375 0.1484375 0.75
0 0.74296875 0.575 0.1234375 0.7359375
0 0.8625 0.56875 0.178125 0.7609375
4 0.18125 0.51875 0.15 0.3421875
4 0.3140625 0.50625 0.10625 0.353125
4 0.57890625 0.50703125 0.1296875 0.2796875
4 0.74140625 0.5359375 0.0921875 0.3796875
4 0.87578125 0.55859375 0.1125 0.403125
4 0.4421875 0.478125 0.1640625 0.3140625
2 0.1875 0.2390625 0.0953125 0.06875
2 0.35078125 0.2625 0.0765625 0.084375
2 0.45078125 0.22265625 0.08125 0.0734375
2 0.5765625 0.25234375 0.09375 0.075
2 0.75390625 0.24609375 0.0875 0.075
2 0.834375 0.24609375 0.096875 0.0953125