0 0.32734375 0.41171875 0.1234375 0.4546875
0 0.2484375 0.40078125 0.25 0.4765625
0 0.1265625 0.39375 0.23125 0.490625
0 0.05078125 0.38671875 0.1015625 0.5046875
4 0.3375 0.48984375 0.103125 0.2984375
4 0.25546875 0.4734375 0.1546875 0.33125
4 0.03828125 0.45390625 0.0765625 0.2953125
4 0.13203125 0.44453125 0.20625 0.3328125
2 0.37734375 0.2421875 0.0234375 0.08125
2 0.25234375 0.24375 0.0875 0.09375
2 0.159375 0.18984375 0.090625 0.084375
2 0.040625 0.2015625 0.08125 0.0875
1 0.9 0.20625 0.2 0.4125
1 0.6484375 0.3265625 0.3125 0.625
3 0.74765625 0.11171875 0.1125 0.146875
3 0.89375 0.04296875 0.103125 0.0859375
0 0.084375 0.76015625 0.16875 0.2421875
1 0.5671875 0.7296875 0.175 0.18125
1 0.71015625 0.74140625 0.1671875 0.2046875
1 0.79921875 0.75078125 0.1828125 0.2234375
1 0.846875 0.77421875 0.1875 0.2703125
1 0.95703125 0.80078125 0.0859375 0.3234375
1 0.93125 0.76796875 0.1375 0.2578125