0 0.465625 0.1796875 0.146875 0.359375
0 0.33828125 0.1796875 0.1796875 0.359375
0 0.21328125 0.1796875 0.1671875 0.359375
0 0.078125 0.1796875 0.15625 0.359375
4 0.4625 0.1171875 0.153125 0.234375
4 0.3375 0.109375 0.125 0.21875
4 0.0734375 0.08515625 0.14375 0.1703125
4 0.2109375 0.08359375 0.18125 0.1671875
4 0.72265625 0.1796875 0.3578125 0.359375
0 0.75859375 0.1796875 0.4390625 0.359375
3 0.13046875 0.5671875 0.178125 0.1390625
3 0.29921875 0.5671875 0.15 0.125
3 0.33359375 0.68359375 0.1765625 0.115625
4 0.403125 0.82734375 0.271875 0.2796875
1 0.1125 0.65703125 0.225 0.4171875
1 0.365625 0.8109375 0.346875 0.378125
2 0.6734375 0.41015625 0.0640625 0.0796875
0 0.6359375 0.5921875 0.165625 0.453125