0 0.07265625 0.2125 0.1453125 0.425
0 0.178125 0.21328125 0.321875 0.4265625
4 0.20625 0.18125 0.25 0.3625
1 0.57578125 0.209375 0.1046875 0.25625
1 0.83984375 0.22890625 0.1 0.284375
1 0.9046875 0.2171875 0.0890625 0.20625
3 0.84453125 0.1 0.028125 0.025
3 0.58046875 0.09609375 0.0328125 0.025
0 0.2421875 0.8640625 0.19375 0.271875
2 0.02265625 0.60546875 0.0453125 0.0921875
2 0.28046875 0.7859375 0.075 0.090625
1 0.371875 0.7375 0.065625 0.2125
1 0.5328125 0.6625 0.08125 0.20625
1 0.6515625 0.6703125 0.128125 0.221875
1 0.409375 0.6265625 0.0875 0.134375
3 0.35 0.6671875 0.021875 0.059375
3 0.68828125 0.58515625 0.0390625 0.0515625