0 0.09296875 0.21953125 0.1859375 0.4390625
4 0.0953125 0.21953125 0.190625 0.4390625
2 0.8296875 0.046875 0.271875 0.09375
2 0.33828125 0.01875 0.2171875 0.0375
4 0.92734375 0.24296875 0.1453125 0.3921875
4 0.278125 0.19140625 0.096875 0.3828125
0 0.83828125 0.21953125 0.3234375 0.4390625
0 0.33359375 0.21953125 0.2078125 0.4390625
1 0.790625 0.78515625 0.20625 0.4296875
1 0.56796875 0.81015625 0.2078125 0.3796875
1 0.3734375 0.81875 0.171875 0.3625
3 0.38125 0.68515625 0.0859375 0.0796875
3 0.59296875 0.659375 0.075 0.0484375
3 0.78984375 0.61640625 0.1109375 0.0796875