4 0.1171875 0.23984375 0.234375 0.4796875
0 0.16484375 0.23984375 0.3296875 0.4796875
3 0.7859375 0.3953125 0.1140625 0.1203125
4 0.7515625 0.4390625 0.1375 0.08125
1 0.7625 0.40234375 0.165625 0.1546875
4 0.0609375 0.5625 0.121875 0.165625
4 0.1625 0.58515625 0.178125 0.2109375
4 0.31484375 0.59921875 0.1921875 0.2390625
4 0.3953125 0.6546875 0.196875 0.35
4 0.5453125 0.590625 0.203125 0.221875
1 0.0671875 0.73984375 0.134375 0.5203125
1 0.14765625 0.73984375 0.2421875 0.5203125
1 0.30234375 0.73984375 0.2671875 0.5203125
1 0.53203125 0.73984375 0.2765625 0.5203125
1 0.3765625 0.73984375 0.253125 0.5203125
1 0.9265625 0.73984375 0.146875 0.5203125
1 0.7421875 0.61328125 0.125 0.2671875