2 0.2625 0.02265625 0.128125 0.0453125
4 0.56640625 0.2515625 0.1859375 0.38125
4 0.4171875 0.19609375 0.19375 0.3921875
4 0.20234375 0.296875 0.2421875 0.4734375
4 0.065625 0.2046875 0.13125 0.375
0 0.5703125 0.34453125 0.178125 0.6890625
0 0.43125 0.3015625 0.240625 0.603125
0 0.21484375 0.27109375 0.2359375 0.5421875
0 0.06484375 0.33046875 0.1296875 0.6609375
1 0.72890625 0.4875 0.1390625 0.403125
3 0.684375 0.3453125 0.05 0.109375
1 0.54375 0.84453125 0.23125 0.3109375
4 0.69765625 0.84453125 0.0765625 0.3109375
1 0.7359375 0.84453125 0.153125 0.3109375