2 0.25625 0.02734375 0.1375 0.0546875
4 0.0859375 0.18046875 0.171875 0.3609375
4 0.24296875 0.30625 0.2796875 0.4859375
4 0.35703125 0.265625 0.0859375 0.39375
0 0.1 0.275 0.2 0.55
0 0.24921875 0.275 0.2921875 0.55
0 0.34375 0.275 0.1125 0.55
3 0.73515625 0.0671875 0.2046875 0.134375
1 0.728125 0.275 0.54375 0.55
1 0.25625 0.7609375 0.18125 0.4109375
1 0.11171875 0.7484375 0.1734375 0.396875
1 0.06171875 0.7453125 0.1234375 0.390625
1 0.0328125 0.76015625 0.065625 0.4203125
3 0.275 0.60390625 0.08125 0.0765625
3 0.14765625 0.5671875 0.0578125 0.034375
3 0.04296875 0.5609375 0.0671875 0.021875