4 0.52890625 0.121875 0.1015625 0.24375
4 0.3765625 0.0859375 0.16875 0.171875
4 0.146875 0.19453125 0.29375 0.3890625
0 0.51796875 0.19453125 0.1234375 0.3890625
0 0.36328125 0.1859375 0.1921875 0.371875
0 0.18515625 0.19453125 0.3703125 0.3890625
2 0.86953125 0.01875 0.1828125 0.0375
4 0.8921875 0.13828125 0.215625 0.2765625
0 0.85234375 0.18203125 0.2953125 0.3640625
1 0.3203125 0.69453125 0.509375 0.6109375
3 0.2546875 0.471875 0.234375 0.165625
4 0.20390625 0.79296875 0.2828125 0.4140625
1 0.78984375 0.69453125 0.4203125 0.6109375
4 0.68515625 0.71484375 0.2109375 0.5703125