4 0.35859375 0.12890625 0.1015625 0.2578125
4 0.14921875 0.175 0.2984375 0.35
0 0.34921875 0.175 0.1203125 0.35
0 0.1796875 0.175 0.359375 0.35
3 0.50859375 0.17734375 0.19375 0.14375
3 0.42421875 0.0984375 0.0296875 0.071875
3 0.7296875 0.1671875 0.1 0.071875
1 0.75859375 0.03046875 0.1046875 0.0609375
1 0.5625 0.22109375 0.30625 0.2578125
1 0.75390625 0.240625 0.2140625 0.21875
1 0.4484375 0.1640625 0.078125 0.209375
2 0.3453125 0.5328125 0.128125 0.18125
0 0.32421875 0.72421875 0.1703125 0.5515625
2 0.79765625 0.52734375 0.0953125 0.196875
2 0.54765625 0.7015625 0.05625 0.0609375
2 0.4515625 0.6609375 0.0796875 0.06875
0 0.8625 0.6859375 0.275 0.628125
0 0.53203125 0.76875 0.1203125 0.21875
0 0.4484375 0.7421875 0.078125 0.234375
4 0.921875 0.51953125 0.15625 0.2796875
4 0.42421875 0.75703125 0.0296875 0.1703125