4 0.3515625 0.28671875 0.328125 0.4859375
0 0.3296875 0.26484375 0.459375 0.5296875
3 0.95 0.26875 0.1 0.225
3 0.9546875 0.48125 0.090625 0.096875
3 0.66484375 0.4671875 0.1515625 0.125
3 0.60859375 0.159375 0.0390625 0.240625
1 0.6953125 0.10390625 0.2125 0.2078125
1 0.92421875 0.33046875 0.1515625 0.3984375
1 0.82109375 0.38671875 0.3328125 0.2859375
2 0.57578125 0.58828125 0.0265625 0.1015625
0 0.33046875 0.76484375 0.5171875 0.4703125
0 0.090625 0.828125 0.18125 0.34375
0 0.525 0.765625 0.128125 0.46875
1 0.634375 0.8875 0.090625 0.225
1 0.78125 0.89921875 0.19375 0.2015625
1 0.875 0.68203125 0.25 0.3046875
3 0.73046875 0.83984375 0.0625 0.0578125