0 0.234375 0.34453125 0.46875 0.6890625
3 0.51796875 0.1546875 0.090625 0.1015625
3 0.63046875 0.08046875 0.0875 0.10625
3 0.70234375 0.05546875 0.1640625 0.1109375
3 0.9328125 0.11484375 0.1265625 0.159375
3 0.98203125 0.1015625 0.0359375 0.115625
1 0.575 0.40234375 0.2125 0.5734375
1 0.59765625 0.39140625 0.2578125 0.5953125
1 0.69375 0.35390625 0.265625 0.6703125
1 0.77265625 0.34453125 0.4296875 0.6890625
1 0.91796875 0.35703125 0.1640625 0.6640625
3 0.159375 0.91328125 0.2125 0.1734375
1 0.2015625 0.90859375 0.403125 0.1828125
0 0.7046875 0.90625 0.303125 0.1875
2 0.73515625 0.87734375 0.1109375 0.0953125
0 0.74921875 0.78984375 0.0578125 0.0734375
2 0.73359375 0.76953125 0.0296875 0.025