0 0.50703125 0.31171875 0.1734375 0.2953125
0 0.92890625 0.35859375 0.1390625 0.2015625
0 0.81328125 0.325 0.1859375 0.26875
0 0.61328125 0.33046875 0.1515625 0.2578125
0 0.72578125 0.3296875 0.1515625 0.259375
2 0.64453125 0.24453125 0.05625 0.059375
2 0.74140625 0.23671875 0.0421875 0.059375
0 0.44921875 0.3140625 0.1234375 0.278125
0 0.08359375 0.7296875 0.1671875 0.540625
2 0.90703125 0.86484375 0.1859375 0.2640625
2 0.9359375 0.7265625 0.128125 0.171875
2 0.6171875 0.85625 0.240625 0.2875
2 0.62578125 0.63046875 0.1765625 0.2625
0 0.88203125 0.8640625 0.2359375 0.271875
0 0.8515625 0.8046875 0.296875 0.390625
0 0.93359375 0.63125 0.1328125 0.34375
0 0.7953125 0.69609375 0.325 0.4734375
0 0.45859375 0.77890625 0.1984375 0.4015625
0 0.496875 0.64140625 0.275 0.3640625