4 0.14453125 0.23984375 0.2890625 0.4796875
2 0.52890625 0.19765625 0.0390625 0.0265625
2 0.6578125 0.1953125 0.034375 0.0328125
2 0.81796875 0.23671875 0.05625 0.0453125
2 0.8625 0.18828125 0.0359375 0.0359375
2 0.9078125 0.209375 0.04375 0.028125
0 0.53125 0.32265625 0.04375 0.2921875
0 0.65703125 0.328125 0.0671875 0.303125
0 0.7 0.32734375 0.025 0.3046875
0 0.73125 0.3234375 0.021875 0.3125
0 0.7609375 0.328125 0.046875 0.303125
0 0.821875 0.34765625 0.084375 0.2640625
0 0.90703125 0.3375 0.0703125 0.284375
0 0.15625 0.73984375 0.2625 0.5203125
0 0.35 0.73984375 0.25625 0.5203125
0 0.740625 0.73984375 0.4625 0.5203125