4 0.24609375 0.1578125 0.4921875 0.303125
2 0.8078125 0.2703125 0.21875 0.078125
0 0.828125 0.27265625 0.278125 0.0734375
0 0.08984375 0.8046875 0.1796875 0.390625
0 0.20703125 0.79609375 0.1140625 0.4078125
0 0.3421875 0.7859375 0.146875 0.428125
0 0.425 0.79453125 0.128125 0.4109375
0 0.51640625 0.78515625 0.1359375 0.4296875
0 0.6 0.7734375 0.1359375 0.428125
0 0.6578125 0.75234375 0.0625 0.4359375
0 0.9328125 0.6546875 0.134375 0.690625
0 0.80703125 0.6546875 0.2359375 0.690625
2 0.93671875 0.4125 0.1265625 0.20625
2 0.77109375 0.421875 0.1640625 0.225
2 0.70234375 0.48203125 0.0265625 0.1828125