0 0.2296875 0.31953125 0.459375 0.6390625
4 0.19609375 0.36015625 0.3921875 0.5578125
2 0.9875 0.25859375 0.025 0.0953125
2 0.9484375 0.31953125 0.0515625 0.0390625
2 0.89296875 0.32421875 0.0515625 0.0625
2 0.825 0.24921875 0.090625 0.08125
2 0.71015625 0.23671875 0.0796875 0.0671875
2 0.58671875 0.41171875 0.0828125 0.3296875
2 0.559375 0.203125 0.10625 0.0765625
0 0.9359375 0.415625 0.128125 0.446875
0 0.7796875 0.42265625 0.21875 0.4328125
0 0.63984375 0.41875 0.2671875 0.440625
0 0.5265625 0.3953125 0.134375 0.4875
0 0.48125 0.41484375 0.04375 0.4484375
0 0.909375 0.46796875 0.128125 0.3421875
0 0.2296875 0.81953125 0.459375 0.3609375
4 0.2703125 0.83203125 0.353125 0.3359375
0 0.59453125 0.8671875 0.184375 0.2578125
0 0.7296875 0.89765625 0.146875 0.2046875
2 0.6046875 0.81953125 0.1109375 0.1109375
2 0.73515625 0.88125 0.08125 0.0984375