3 0.0375 0.48984375 0.075 0.0859375
3 0.4734375 0.55234375 0.0125 0.0171875
3 0.22109375 0.53125 0.021875 0.0140625
3 0.37265625 0.5453125 0.0125 0.009375
1 0.04921875 0.71953125 0.0984375 0.5609375
1 0.46328125 0.6 0.0328125 0.125
1 0.36953125 0.565625 0.03125 0.05625
1 0.215625 0.57578125 0.0515625 0.1125
3 0.75859375 0.38984375 0.0390625 0.0203125
3 0.81640625 0.396875 0.0453125 0.034375
3 0.88515625 0.38671875 0.0328125 0.0140625
3 0.94296875 0.39375 0.0328125 0.028125
1 0.5828125 0.5 0.11875 0.240625
1 0.746875 0.50703125 0.1 0.2546875
1 0.98125 0.53359375 0.0375 0.2921875
1 0.94765625 0.5171875 0.1046875 0.275
1 0.85703125 0.5109375 0.1140625 0.2625
1 0.79453125 0.50234375 0.0765625 0.2453125
1 0.88046875 0.4953125 0.1046875 0.23125