4 0.1765625 0.44453125 0.165625 0.3578125
4 0.43046875 0.44296875 0.1390625 0.3703125
0 0.15234375 0.4078125 0.2046875 0.5625
0 0.43125 0.3953125 0.1375 0.5875
0 0.29921875 0.4015625 0.1328125 0.575
0 0.8046875 0.3953125 0.19375 0.5875
0 0.58046875 0.3890625 0.1609375 0.6
2 0.7875 0.13828125 0.0765625 0.0671875
2 0.5484375 0.13125 0.0890625 0.0859375
0 0.36484375 0.8703125 0.1265625 0.259375
0 0.06015625 0.8671875 0.1203125 0.265625
0 0.2609375 0.884375 0.115625 0.23125
0 0.1453125 0.8765625 0.109375 0.246875
2 0.2453125 0.80546875 0.0515625 0.05625
2 0.15 0.7875 0.0375 0.05625
0 0.43125 0.87890625 0.096875 0.2421875
1 0.80703125 0.84453125 0.3859375 0.3109375
4 0.9125 0.84453125 0.175 0.3109375