0 0.21953125 0.325 0.4390625 0.65
2 0.134375 0.15 0.26875 0.3
4 0.21953125 0.46484375 0.4390625 0.3703125
2 0.92734375 0.12578125 0.121875 0.128125
2 0.79609375 0.04921875 0.1421875 0.0984375
0 0.79765625 0.325 0.4046875 0.65
0 0.91640625 0.353125 0.1671875 0.59375
2 0.2359375 0.79921875 0.16875 0.2984375
0 0.62421875 0.8875 0.3109375 0.225
0 0.9171875 0.8734375 0.165625 0.253125
2 0.63828125 0.88125 0.1859375 0.2109375
2 0.96171875 0.878125 0.0765625 0.2125
2 0.77109375 0.9015625 0.0640625 0.0953125
2 0.55703125 0.91953125 0.0734375 0.0859375