4 0.53046875 0.27109375 0.2765625 0.1171875
0 0.51484375 0.16953125 0.3078125 0.3203125
0 0.1234375 0.16484375 0.246875 0.3296875
1 0.1765625 0.7296875 0.353125 0.540625
1 0.45625 0.7625 0.2875 0.475
4 0.16484375 0.80078125 0.1953125 0.3984375
4 0.47265625 0.85 0.2203125 0.3
3 0.1953125 0.53359375 0.11875 0.125
3 0.44765625 0.59296875 0.1453125 0.125
1 0.8015625 0.6890625 0.075 0.3203125
1 0.68046875 0.47578125 0.0234375 0.1703125
1 0.89453125 0.48046875 0.0578125 0.1640625
3 0.81484375 0.559375 0.0328125 0.046875
3 0.6765625 0.4078125 0.015625 0.021875
3 0.8890625 0.415625 0.021875 0.028125