0 0.9578125 0.30234375 0.084375 0.3953125
0 0.76796875 0.33828125 0.1203125 0.3234375
0 0.596875 0.246875 0.034375 0.440625
2 0.59609375 0.06796875 0.0328125 0.0796875
2 0.79765625 0.1984375 0.059375 0.046875
2 0.9859375 0.134375 0.028125 0.040625
2 0.03828125 0.6484375 0.0765625 0.159375
2 0.17578125 0.7453125 0.121875 0.13125
2 0.29921875 0.7484375 0.0515625 0.0921875
2 0.4609375 0.69140625 0.046875 0.0453125
2 0.54765625 0.725 0.046875 0.046875
0 0.5375 0.84921875 0.084375 0.3015625
0 0.44765625 0.83359375 0.1234375 0.3328125
0 0.3296875 0.84609375 0.14375 0.3078125
0 0.128125 0.784375 0.25625 0.43125
0 0.15078125 0.83671875 0.3015625 0.3265625
0 0.6734375 0.790625 0.1875 0.41875