2 0.39375 0.2046875 0.128125 0.11875
2 0.19921875 0.21328125 0.134375 0.125
4 0.3578125 0.46171875 0.21875 0.3234375
4 0.15 0.4453125 0.234375 0.3375
0 0.3578125 0.44375 0.29375 0.6125
0 0.15390625 0.434375 0.3078125 0.63125
0 0.7359375 0.453125 0.29375 0.59375
0 0.63359375 0.43046875 0.0890625 0.6390625
2 0.72421875 0.19140625 0.0875 0.0734375
2 0.6265625 0.16875 0.075 0.078125
0 0.30703125 0.9453125 0.3828125 0.109375
0 0.90390625 0.875 0.1921875 0.25
0 0.775 0.875 0.371875 0.25
2 0.67265625 0.8015625 0.1671875 0.103125