2 0.50390625 0.11484375 0.025 0.028125
2 0.54453125 0.13671875 0.0328125 0.034375
2 0.6 0.13125 0.040625 0.0328125
4 0.4875 0.184375 0.0625 0.096875
4 0.53125 0.2140625 0.0578125 0.103125
4 0.58984375 0.21171875 0.0671875 0.1
0 0.4796875 0.2046875 0.071875 0.225
0 0.53125 0.215625 0.0796875 0.2171875
0 0.590625 0.21640625 0.090625 0.221875
0 0.22265625 0.7296875 0.4453125 0.540625
0 0.61875 0.621875 0.5 0.325
1 0.934375 0.7484375 0.13125 0.503125
3 0.9390625 0.58828125 0.109375 0.1140625
3 0.978125 0.49765625 0.04375 0.0765625
4 0.909375 0.7015625 0.08125 0.284375