2 0.36640625 0.30078125 0.0234375 0.0265625
2 0.41171875 0.31015625 0.03125 0.0328125
2 0.46328125 0.2890625 0.0390625 0.03125
4 0.371875 0.37265625 0.059375 0.09375
4 0.421875 0.3890625 0.053125 0.1015625
4 0.47734375 0.36875 0.0625 0.0984375
0 0.36953125 0.365625 0.0609375 0.16875
0 0.421875 0.365625 0.06875 0.16875
0 0.4796875 0.35625 0.08125 0.1875
0 0.68984375 0.34140625 0.1609375 0.2171875
0 0.971875 0.41875 0.05625 0.0625
2 0.6671875 0.275 0.0640625 0.05
2 0.975 0.42109375 0.05 0.0578125
0 0.09375 0.82890625 0.1875 0.3421875
0 0.26875 0.8421875 0.28125 0.315625
0 0.4625 0.840625 0.24375 0.31875
2 0.5765625 0.7078125 0.065625 0.10625
2 0.42421875 0.73828125 0.09375 0.0875
2 0.2109375 0.73515625 0.078125 0.05625
2 0.034375 0.7125 0.06875 0.090625
0 0.8359375 0.790625 0.2609375 0.4140625
2 0.853125 0.62890625 0.0578125 0.071875