0 0.18828125 0.21484375 0.3234375 0.4296875
2 0.2953125 0.1109375 0.109375 0.221875
4 0.23203125 0.2953125 0.2359375 0.26875
0 0.671875 0.21484375 0.246875 0.4296875
0 0.16875 0.71484375 0.3375 0.5703125
2 0.38203125 0.8265625 0.059375 0.05625
2 0.4359375 0.81796875 0.053125 0.0578125
2 0.51328125 0.84609375 0.065625 0.0578125
2 0.60625 0.8234375 0.05625 0.0453125
2 0.71875 0.84453125 0.05 0.04375
2 0.84296875 0.86015625 0.053125 0.0453125
2 0.8890625 0.85 0.046875 0.04375
0 0.83203125 0.915625 0.1671875 0.16875
0 0.92109375 0.9328125 0.0859375 0.134375
0 0.8765625 0.9140625 0.096875 0.171875
0 0.3859375 0.8984375 0.071875 0.203125
0 0.49140625 0.9078125 0.1640625 0.184375
0 0.42890625 0.89140625 0.1359375 0.2171875
0 0.5828125 0.89921875 0.134375 0.2015625
0 0.709375 0.9125 0.1375 0.175
0 0.66328125 0.9390625 0.0515625 0.121875
0 0.79375 0.9328125 0.059375 0.134375
0 0.76171875 0.91875 0.028125 0.1171875