4 0.31796875 0.3203125 0.3015625 0.521875
0 0.3015625 0.3046875 0.334375 0.609375
2 0.53359375 0.1375 0.0515625 0.0390625
2 0.6390625 0.1375 0.06875 0.04375
2 0.8546875 0.13203125 0.06875 0.0640625
2 0.9234375 0.140625 0.05625 0.04375
0 0.50390625 0.325 0.0703125 0.5625
0 0.5515625 0.33515625 0.1375 0.4609375
0 0.65390625 0.33125 0.15 0.4546875
0 0.86953125 0.33828125 0.1421875 0.4921875
0 0.9359375 0.2890625 0.121875 0.3625
2 0.3546875 0.88359375 0.228125 0.2328125
0 0.234375 0.87265625 0.46875 0.2546875