4 0.16328125 0.19609375 0.3265625 0.3921875
0 0.1828125 0.2296875 0.365625 0.459375
4 0.90859375 0.14609375 0.1546875 0.2921875
4 0.75234375 0.125 0.1515625 0.25
0 0.90625 0.2296875 0.1875 0.459375
0 0.72421875 0.2296875 0.2578125 0.459375
2 0.96328125 0.5890625 0.0734375 0.096875
2 0.85 0.67265625 0.0921875 0.1
2 0.75859375 0.615625 0.0875 0.0921875
2 0.59765625 0.61796875 0.09375 0.0875
4 0.584375 0.86640625 0.15 0.2671875
4 0.72265625 0.85625 0.1921875 0.2875
4 0.803125 0.88984375 0.196875 0.2203125
4 0.92578125 0.84765625 0.1484375 0.3046875
0 0.59296875 0.78515625 0.1671875 0.4296875
0 0.71015625 0.78125 0.2671875 0.4375
0 0.90078125 0.7671875 0.1984375 0.465625
0 0.784375 0.8046875 0.253125 0.390625