2 0.44140625 0.05078125 0.3703125 0.1015625
4 0.4328125 0.38984375 0.5125 0.3984375
0 0.428125 0.29453125 0.521875 0.5890625
4 0.9234375 0.36484375 0.153125 0.4484375
4 0.81640625 0.378125 0.2546875 0.421875
0 0.915625 0.29453125 0.16875 0.5890625
0 0.80234375 0.29453125 0.2265625 0.5890625
2 0.17734375 0.60390625 0.0796875 0.0296875
2 0.2375 0.67109375 0.0953125 0.0859375
0 0.6109375 0.79453125 0.15625 0.4109375
0 0.5 0.79453125 0.2 0.4109375
0 0.3421875 0.79453125 0.209375 0.4109375
0 0.24921875 0.815625 0.2140625 0.36875
0 0.18125 0.7625 0.178125 0.346875
0 0.03359375 0.79453125 0.0671875 0.4109375
1 0.8453125 0.79453125 0.309375 0.4109375
3 0.9234375 0.634375 0.153125 0.090625
4 0.8828125 0.8203125 0.234375 0.359375