4 0.08515625 0.2859375 0.1703125 0.228125
0 0.10390625 0.2390625 0.2078125 0.359375
1 0.87578125 0.209375 0.2484375 0.41875
1 0.3984375 0.209375 0.096875 0.41875
4 0.29765625 0.78203125 0.1046875 0.3828125
4 0.16796875 0.74296875 0.2203125 0.5140625
4 0.05625 0.73828125 0.1125 0.4796875
1 0.30234375 0.709375 0.0953125 0.58125
1 0.16328125 0.709375 0.2046875 0.58125
1 0.0390625 0.709375 0.078125 0.58125
1 0.51875 0.75390625 0.3375 0.4921875
1 0.81015625 0.72109375 0.2703125 0.5578125
3 0.46953125 0.6171875 0.1671875 0.2125
3 0.76953125 0.56640625 0.1296875 0.2234375
3 0.9625 0.54140625 0.075 0.2453125