0 0.25078125 0.3046875 0.2171875 0.609375
4 0.26640625 0.3046875 0.1859375 0.609375
0 0.5984375 0.3921875 0.196875 0.434375
0 0.85390625 0.3953125 0.2171875 0.428125
0 0.93125 0.42421875 0.1375 0.3703125
0 0.19453125 0.8234375 0.1984375 0.353125
0 0.28203125 0.83046875 0.1546875 0.3390625
0 0.0375 0.83046875 0.075 0.3390625
2 0.01171875 0.71171875 0.0234375 0.0859375
2 0.21484375 0.71640625 0.09375 0.125
2 0.31015625 0.75546875 0.0984375 0.1234375
2 0.96953125 0.684375 0.0609375 0.15
2 0.75078125 0.7125 0.1 0.1359375
0 0.51953125 0.8046875 0.3203125 0.390625
0 0.71015625 0.8203125 0.1984375 0.359375
0 0.92734375 0.8046875 0.1453125 0.390625
0 0.803125 0.8046875 0.353125 0.390625