0 0.09375 0.16484375 0.1875 0.3296875
0 0.859375 0.32578125 0.1484375 0.4453125
0 0.6546875 0.2203125 0.1140625 0.440625
0 0.5625 0.19765625 0.115625 0.3953125
2 0.83203125 0.1734375 0.06875 0.0734375
2 0.6546875 0.06640625 0.053125 0.09375
2 0.571875 0.0796875 0.028125 0.084375
2 0.25546875 0.59140625 0.0234375 0.0296875
2 0.1796875 0.6 0.0296875 0.0296875
2 0.10546875 0.59375 0.0265625 0.028125
0 0.0375 0.71484375 0.075 0.2640625
0 0.15390625 0.71875 0.0765625 0.29375
0 0.178125 0.7015625 0.0484375 0.2375
0 0.10390625 0.6953125 0.06875 0.25
0 0.26015625 0.7140625 0.075 0.2734375
0 0.36953125 0.6546875 0.03125 0.096875
0 0.40625 0.65234375 0.0203125 0.0703125
0 0.390625 0.64765625 0.0234375 0.0703125
0 0.78203125 0.8703125 0.0828125 0.259375
0 0.7046875 0.85 0.09375 0.3
0 0.57109375 0.8609375 0.1390625 0.278125
0 0.9484375 0.8609375 0.103125 0.278125
2 0.7828125 0.77734375 0.0625 0.0765625
2 0.6953125 0.72890625 0.0578125 0.059375
2 0.96015625 0.7625 0.0796875 0.09375