0 0.3125 0.209375 0.375 0.41875
4 0.34609375 0.06953125 0.3078125 0.1390625
0 0.746875 0.209375 0.49375 0.41875
4 0.69296875 0.34609375 0.3859375 0.1453125
2 0.45703125 0.6015625 0.0859375 0.090625
2 0.2078125 0.67421875 0.128125 0.103125
2 0.0390625 0.5796875 0.078125 0.084375
0 0.1015625 0.76640625 0.203125 0.4671875
0 0.2546875 0.80234375 0.2625 0.3953125
0 0.41171875 0.771875 0.1765625 0.45625
4 0.8765625 0.86953125 0.246875 0.2609375
2 0.8609375 0.55 0.1890625 0.146875
0 0.84140625 0.72578125 0.3171875 0.5484375