0 0.3046875 0.15 0.609375 0.3
4 0.35 0.15 0.51875 0.3
2 0.6015625 0.5484375 0.015625 0.05625
2 0.5390625 0.54609375 0.0671875 0.04375
2 0.43984375 0.51171875 0.103125 0.0765625
0 0.57421875 0.75234375 0.0703125 0.4953125
0 0.5203125 0.74375 0.109375 0.5125
0 0.4171875 0.725 0.159375 0.55
0 0.20234375 0.74609375 0.10625 0.4265625
0 0.0703125 0.75390625 0.140625 0.4921875
0 0.7921875 0.6984375 0.365625 0.603125
2 0.8109375 0.61953125 0.2046875 0.365625
0 0.65 0.68828125 0.08125 0.2609375
2 0.64765625 0.59296875 0.040625 0.065625