4 0.21640625 0.33671875 0.4328125 0.5859375
0 0.2453125 0.31484375 0.490625 0.6296875
1 0.93359375 0.33046875 0.1328125 0.5984375
1 0.83828125 0.33515625 0.2046875 0.5890625
1 0.69375 0.35859375 0.1875 0.5421875
1 0.5828125 0.33984375 0.165625 0.5796875
3 0.98125 0.13515625 0.0375 0.0546875
3 0.940625 0.0796875 0.0828125 0.0546875
3 0.8109375 0.09140625 0.0796875 0.08125
3 0.6734375 0.14765625 0.065625 0.0796875
3 0.53125 0.10859375 0.0625 0.0921875
0 0.41171875 0.81484375 0.1765625 0.3703125
0 0.96171875 0.82421875 0.0765625 0.2703125
2 0.9734375 0.7671875 0.053125 0.090625