0 0.2734375 0.21953125 0.1125 0.3796875
0 0.48359375 0.34765625 0.1984375 0.1234375
0 0.6359375 0.26015625 0.228125 0.2984375
0 0.91171875 0.340625 0.1765625 0.1375
2 0.47421875 0.36328125 0.0953125 0.0921875
2 0.984375 0.3546875 0.03125 0.109375
2 0.90859375 0.3578125 0.0953125 0.103125
2 0.62734375 0.35234375 0.1015625 0.1140625
0 0.16484375 0.634375 0.3296875 0.45
2 0.37421875 0.515625 0.0296875 0.03125
0 0.58984375 0.615625 0.084375 0.2125
0 0.53046875 0.62109375 0.08125 0.25
0 0.45390625 0.63125 0.1015625 0.26875
0 0.35859375 0.64453125 0.0578125 0.2984375
0 0.33671875 0.6296875 0.0140625 0.240625
0 0.38359375 0.61640625 0.0890625 0.253125