0 0.06953125 0.16953125 0.1390625 0.3390625
2 0.0359375 0.1765625 0.071875 0.325
2 0.896875 0.0140625 0.025 0.028125
2 0.82109375 0.015625 0.0328125 0.03125
2 0.74765625 0.009375 0.0296875 0.01875
0 0.53359375 0.1078125 0.0796875 0.2125
0 0.5921875 0.11796875 0.078125 0.2359375
0 0.66875 0.12734375 0.096875 0.2546875
0 0.7875 0.13984375 0.096875 0.2796875
0 0.81328125 0.11875 0.0640625 0.2375
0 0.73984375 0.115625 0.0859375 0.23125
0 0.89375 0.13671875 0.09375 0.2734375
0 0.99375 0.08203125 0.0125 0.0984375
0 0.19296875 0.66953125 0.3859375 0.6609375
2 0.10546875 0.48125 0.1953125 0.284375
4 0.17265625 0.7859375 0.3453125 0.428125
2 0.871875 0.55078125 0.1296875 0.1453125
4 0.86171875 0.8109375 0.153125 0.33125
4 0.96015625 0.9125 0.0796875 0.175
0 0.9515625 0.82734375 0.096875 0.3453125
0 0.8515625 0.728125 0.215625 0.54375