0 0.18984375 0.26484375 0.3796875 0.5296875
4 0.17890625 0.41171875 0.3578125 0.2359375
2 0.86328125 0.3953125 0.0578125 0.0453125
2 0.99375 0.42421875 0.0125 0.0453125
0 0.8375 0.44296875 0.165625 0.1734375
2 0.028125 0.546875 0.05625 0.034375
2 0.0796875 0.54453125 0.05625 0.0296875
2 0.15546875 0.56171875 0.06875 0.0609375
2 0.24921875 0.5484375 0.0578125 0.0375
2 0.35703125 0.57109375 0.0453125 0.0453125
0 0.03359375 0.75078125 0.0671875 0.4421875
0 0.1234375 0.7609375 0.1875 0.4625
0 0.07109375 0.73828125 0.1421875 0.4171875
0 0.215625 0.75 0.15625 0.440625
0 0.32109375 0.7578125 0.1171875 0.41875
0 0.3015625 0.665625 0.0578125 0.128125
0 0.84375 0.76484375 0.203125 0.4703125
0 0.95703125 0.759375 0.0859375 0.365625
2 0.98828125 0.621875 0.0234375 0.06875
2 0.86015625 0.54296875 0.0796875 0.0265625