0 0.4078125 0.19375 0.203125 0.35
1 0.440625 0.775 0.1375 0.45
1 0.33203125 0.70859375 0.13125 0.34375
1 0.25390625 0.7359375 0.1140625 0.371875
1 0.1765625 0.75 0.1875 0.5
3 0.428125 0.6203125 0.0859375 0.115625
3 0.1328125 0.55703125 0.071875 0.0890625
3 0.2484375 0.5859375 0.046875 0.0390625
3 0.30234375 0.57890625 0.053125 0.0484375
3 0.1875 0.5859375 0.0375 0.053125
3 0.61640625 0.76171875 0.096875 0.0890625
3 0.8765625 0.68515625 0.1 0.071875
1 0.65 0.85390625 0.20625 0.2921875
1 0.90234375 0.8140625 0.1953125 0.371875