0 0.34609375 0.3546875 0.6859375 0.709375
2 0.46640625 0.06953125 0.3359375 0.1390625
4 0.40546875 0.39609375 0.5671875 0.6265625
1 0.96171875 0.3546875 0.0765625 0.709375
1 0.7359375 0.2703125 0.09375 0.540625
1 0.8140625 0.29609375 0.228125 0.5921875
1 0.8578125 0.32109375 0.284375 0.6421875
3 0.93515625 0.1046875 0.0765625 0.115625
3 0.8484375 0.04609375 0.090625 0.0921875
3 0.74453125 0.03046875 0.1109375 0.0609375
4 0.90859375 0.28046875 0.1125 0.2328125
4 0.80546875 0.17890625 0.1328125 0.23125
4 0.72265625 0.17890625 0.0671875 0.2453125
1 0.4015625 0.8546875 0.296875 0.290625
1 0.84453125 0.8546875 0.3109375 0.290625
4 0.84453125 0.8546875 0.3109375 0.290625