4 0.11171875 0.36171875 0.2234375 0.2359375
4 0.36875 0.37578125 0.3 0.2078125
2 0.16484375 0.10234375 0.171875 0.1515625
2 0.42890625 0.10703125 0.1515625 0.1453125
0 0.15703125 0.23984375 0.3140625 0.4796875
0 0.3796875 0.25078125 0.453125 0.4578125
1 0.81953125 0.225 0.3609375 0.45
3 0.13125 0.903125 0.18125 0.19375
4 0.4265625 0.73984375 0.425 0.5203125
1 0.81953125 0.73984375 0.3609375 0.5203125
1 0.921875 0.73984375 0.15625 0.5203125
4 0.79921875 0.73984375 0.3203125 0.5203125
4 0.928125 0.73984375 0.14375 0.5203125