4 0.27734375 0.25234375 0.2453125 0.3953125
0 0.22734375 0.225 0.3453125 0.45
1 0.58984375 0.34453125 0.11875 0.1328125
1 0.46796875 0.26875 0.121875 0.190625
1 0.440625 0.396875 0.08125 0.10625
3 0.46796875 0.30703125 0.0765625 0.071875
3 0.5890625 0.346875 0.0671875 0.059375
3 0.43828125 0.4046875 0.071875 0.08125
1 0.14140625 0.775 0.2640625 0.45
1 0.31875 0.77265625 0.1625 0.4546875
3 0.34375 0.59375 0.06875 0.078125
1 0.69609375 0.68828125 0.11875 0.1328125
1 0.57421875 0.6125 0.121875 0.190625
1 0.52109375 0.74921875 0.1328125 0.1234375
1 0.5390625 0.89140625 0.1390625 0.1671875
1 0.6421875 0.8984375 0.14375 0.1578125
1 0.740625 0.83984375 0.1578125 0.1328125
3 0.57421875 0.65078125 0.0765625 0.071875
3 0.6953125 0.690625 0.0671875 0.059375
3 0.73828125 0.85234375 0.071875 0.0875
3 0.62890625 0.8828125 0.059375 0.090625
3 0.58046875 0.8515625 0.0625 0.075
3 0.54453125 0.7484375 0.071875 0.08125