0 0.27421875 0.31953125 0.2703125 0.6390625
4 0.30625 0.3765625 0.20625 0.396875
4 0.8875 0.23203125 0.225 0.4484375
1 0.884375 0.31953125 0.23125 0.6390625
3 0.746875 0.11953125 0.0453125 0.0625
3 0.6359375 0.13828125 0.0515625 0.0609375
4 0.6296875 0.24296875 0.0609375 0.165625
4 0.7359375 0.25078125 0.0765625 0.14375
1 0.72578125 0.2875 0.096875 0.4265625
1 0.625 0.30078125 0.1015625 0.4234375
1 0.3109375 0.81953125 0.196875 0.3609375
4 0.80625 0.78203125 0.225 0.2859375
4 0.559375 0.81953125 0.221875 0.3609375
1 0.80078125 0.81953125 0.2453125 0.3609375
1 0.55390625 0.81953125 0.2609375 0.3609375