4 0.43984375 0.3671875 0.0578125 0.303125
4 0.33046875 0.3125 0.2109375 0.4125
4 0.1359375 0.3171875 0.271875 0.403125
0 0.328125 0.259375 0.190625 0.51875
0 0.11796875 0.259375 0.2359375 0.51875
2 0.6921875 0.0703125 0.41875 0.140625
0 0.734375 0.259375 0.53125 0.51875
3 0.0765625 0.6203125 0.153125 0.203125
1 0.053125 0.759375 0.10625 0.48125
0 0.50703125 0.759375 0.0765625 0.48125
0 0.66875 0.759375 0.146875 0.48125
0 0.7796875 0.759375 0.084375 0.48125
0 0.9328125 0.759375 0.134375 0.48125
2 0.92734375 0.5515625 0.0796875 0.065625
2 0.77265625 0.52890625 0.0609375 0.0203125
2 0.6578125 0.55625 0.103125 0.075