2 0.14921875 0.15859375 0.2265625 0.2
0 0.23671875 0.15390625 0.4734375 0.2296875
1 0.803125 0.134375 0.228125 0.26875
0 0.1265625 0.634375 0.253125 0.73125
0 0.46171875 0.64140625 0.4546875 0.7171875
2 0.36015625 0.46015625 0.1953125 0.2421875
4 0.11015625 0.771875 0.2203125 0.45625
4 0.50625 0.6328125 0.365625 0.44375
0 0.8390625 0.809375 0.3 0.38125
0 0.7515625 0.6078125 0.125 0.490625
0 0.84140625 0.56953125 0.1953125 0.48125
0 0.94296875 0.69921875 0.1140625 0.5984375
2 0.803125 0.728125 0.14375 0.1734375
2 0.7109375 0.43359375 0.04375 0.1515625
2 0.8140625 0.44453125 0.1 0.15625