4 0.175 0.3109375 0.35 0.496875
0 0.175 0.2796875 0.35 0.559375
0 0.821875 0.459375 0.128125 0.2
0 0.6359375 0.4640625 0.134375 0.190625
0 0.74140625 0.471875 0.0953125 0.175
2 0.79921875 0.42109375 0.078125 0.071875
2 0.62890625 0.4296875 0.08125 0.078125
2 0.73203125 0.43671875 0.053125 0.071875
1 0.26484375 0.6328125 0.1328125 0.146875
4 0.23671875 0.60625 0.1203125 0.09375
0 0.96328125 0.9 0.0734375 0.2
0 0.9625 0.80390625 0.075 0.2109375
0 0.90390625 0.89453125 0.1265625 0.2109375
0 0.83125 0.8765625 0.1140625 0.209375
0 0.80546875 0.91796875 0.3890625 0.1640625
0 0.65625 0.925 0.175 0.15
0 0.60859375 0.91796875 0.0796875 0.1640625