4 0.225 0.16953125 0.45 0.3390625
2 0.8140625 0.01640625 0.134375 0.0328125
2 0.9390625 0.0734375 0.084375 0.0734375
0 0.91796875 0.16953125 0.1640625 0.3390625
0 0.59140625 0.16953125 0.2828125 0.3390625
0 0.74921875 0.16953125 0.2765625 0.3390625
0 0.91875 0.09921875 0.115625 0.1859375
4 0.5640625 0.16953125 0.228125 0.3390625
4 0.94921875 0.228125 0.1015625 0.221875
0 0.3859375 0.8375 0.128125 0.25
0 0.18515625 0.78984375 0.121875 0.2640625
0 0.04375 0.7953125 0.0875 0.359375
2 0.04296875 0.703125 0.075 0.075
2 0.4046875 0.76015625 0.065625 0.0609375
2 0.29375 0.74609375 0.0421875 0.0515625
2 0.19921875 0.71640625 0.0484375 0.0515625
1 0.57578125 0.534375 0.2515625 0.390625