4 0.14140625 0.4390625 0.2828125 0.38125
0 0.16640625 0.35390625 0.3328125 0.5515625
2 0.55703125 0.175 0.2359375 0.35
0 0.58671875 0.31484375 0.2953125 0.6296875
0 0.15 0.8796875 0.3 0.240625
0 0.50390625 0.81484375 0.1296875 0.3703125
0 0.528125 0.821875 0.140625 0.35625
0 0.6515625 0.81484375 0.209375 0.3703125
0 0.815625 0.82265625 0.203125 0.3546875
2 0.678125 0.68359375 0.075 0.1078125
2 0.84765625 0.7234375 0.103125 0.125
2 0.896875 0.6859375 0.0859375 0.1109375
2 0.55078125 0.69765625 0.0609375 0.103125
2 0.50390625 0.66875 0.0859375 0.078125