4 0.196875 0.40859375 0.39375 0.4546875
4 0.39609375 0.4140625 0.1671875 0.509375
0 0.19921875 0.33671875 0.3984375 0.6640625
0 0.36328125 0.334375 0.2328125 0.66875
0 0.79921875 0.31875 0.203125 0.5953125
0 0.934375 0.3625 0.13125 0.365625
2 0.95703125 0.22578125 0.0515625 0.06875
2 0.815625 0.11171875 0.0796875 0.0953125
2 0.98984375 0.8828125 0.0203125 0.078125
2 0.90859375 0.87578125 0.078125 0.0640625
2 0.79140625 0.9453125 0.0703125 0.109375
2 0.75703125 0.846875 0.1046875 0.0734375
2 0.52421875 0.809375 0.0890625 0.06875
0 0.85 0.9203125 0.24375 0.159375
0 0.70625 0.8984375 0.16875 0.203125
0 0.646875 0.91875 0.10625 0.1625
0 0.58125 0.9109375 0.128125 0.178125