4 0.240625 0.28046875 0.434375 0.525
0 0.24765625 0.309375 0.4953125 0.61875
0 0.8546875 0.309375 0.290625 0.61875
4 0.8546875 0.309375 0.290625 0.61875
0 0.1265625 0.809375 0.253125 0.38125
0 0.64609375 0.809375 0.1265625 0.38125
0 0.4703125 0.8046875 0.175 0.371875
0 0.3421875 0.78671875 0.1875 0.3359375
0 0.54609375 0.7515625 0.1328125 0.265625
0 0.86171875 0.925 0.2765625 0.15
0 0.74609375 0.896875 0.0734375 0.20625
2 0.84609375 0.9359375 0.1671875 0.128125
2 0.76640625 0.76640625 0.0546875 0.065625