0 0.33984375 0.2 0.6796875 0.4
2 0.3234375 0.103125 0.359375 0.20625
4 0.31953125 0.28984375 0.6390625 0.2203125
0 0.13046875 0.68203125 0.0953125 0.2265625
0 0.02421875 0.69140625 0.0484375 0.2234375
0 0.0703125 0.68828125 0.0734375 0.2046875
2 0.128125 0.60703125 0.0265625 0.040625
2 0.02890625 0.61953125 0.0265625 0.046875
2 0.06484375 0.615625 0.028125 0.0484375
4 0.02734375 0.68125 0.0421875 0.0921875
4 0.0671875 0.67109375 0.0375 0.084375
4 0.12578125 0.66640625 0.040625 0.090625
1 0.96015625 0.7 0.0796875 0.6