4 0.3171875 0.31640625 0.203125 0.3265625
0 0.2953125 0.23984375 0.246875 0.4796875
4 0.68671875 0.3140625 0.4328125 0.33125
0 0.709375 0.23984375 0.45625 0.4796875
0 0.49453125 0.23984375 0.1515625 0.4796875
0 0.2984375 0.73984375 0.171875 0.5203125
0 0.12734375 0.73984375 0.1796875 0.5203125
2 0.90546875 0.71640625 0.05 0.0484375
2 0.77265625 0.76328125 0.0578125 0.071875
2 0.678125 0.78203125 0.046875 0.0609375
0 0.6953125 0.85390625 0.06875 0.2921875
0 0.77578125 0.86015625 0.1046875 0.2796875
0 0.92421875 0.8453125 0.0796875 0.309375