4 0.15703125 0.584375 0.3140625 0.190625
2 0.19140625 0.2890625 0.18125 0.1359375
0 0.1828125 0.440625 0.365625 0.478125
0 0.59921875 0.11015625 0.1609375 0.2203125
0 0.7390625 0.15625 0.125 0.275
2 0.603125 0.05078125 0.103125 0.1015625
2 0.73984375 0.1 0.075 0.09375
0 0.409375 0.8875 0.21875 0.225
0 0.2015625 0.88828125 0.1875 0.2234375
0 0.31484375 0.90859375 0.1609375 0.1828125
2 0.01171875 0.89609375 0.0234375 0.1109375
2 0.04296875 0.87421875 0.059375 0.1125
2 0.09921875 0.87265625 0.059375 0.1109375
2 0.14921875 0.8578125 0.0578125 0.11875
2 0.2140625 0.86875 0.078125 0.134375
2 0.328125 0.890625 0.0984375 0.0953125
2 0.42734375 0.871875 0.08125 0.1359375
0 0.77265625 0.83984375 0.4546875 0.3203125
4 0.82734375 0.83984375 0.3453125 0.3203125