2 0.3171875 0.25625 0.1890625 0.146875
0 0.27890625 0.27890625 0.4203125 0.2421875
4 0.79921875 0.2 0.4015625 0.4
0 0.7796875 0.2 0.440625 0.4
0 0.08828125 0.78203125 0.1765625 0.4359375
0 0.35546875 0.79609375 0.2671875 0.4078125
2 0.39921875 0.68828125 0.1796875 0.1734375
2 0.021875 0.67109375 0.04375 0.1890625
4 0.3671875 0.92421875 0.24375 0.1515625
0 0.56015625 0.73515625 0.1421875 0.5296875
0 0.67578125 0.71015625 0.2671875 0.5796875
0 0.88828125 0.74609375 0.2015625 0.5078125
0 0.95390625 0.73359375 0.0921875 0.5328125