4 0.0875 0.30546875 0.175 0.6078125
4 0.37734375 0.3671875 0.1453125 0.446875
0 0.37265625 0.3046875 0.1546875 0.609375
0 0.115625 0.2984375 0.23125 0.596875
1 0.67109375 0.3046875 0.4421875 0.609375
4 0.6515625 0.2546875 0.36875 0.484375
4 0.15078125 0.6875 0.3015625 0.15625
1 0.1703125 0.8046875 0.340625 0.390625
1 0.8140625 0.8046875 0.221875 0.390625
1 0.534375 0.8046875 0.146875 0.390625
1 0.60546875 0.83046875 0.2484375 0.3390625
3 0.80859375 0.634375 0.1296875 0.05
3 0.63671875 0.76171875 0.0640625 0.109375
3 0.540625 0.69296875 0.075 0.1265625
3 0.46796875 0.6859375 0.0359375 0.1
4 0.82734375 0.8296875 0.140625 0.3109375
4 0.63203125 0.91328125 0.0859375 0.1734375
4 0.5171875 0.85078125 0.10625 0.2203125