2 0.1109375 0.11640625 0.0703125 0.06875
2 0.290625 0.175 0.075 0.0609375
2 0.378125 0.125 0.04375 0.046875
4 0.115625 0.18359375 0.1171875 0.0984375
4 0.27421875 0.2359375 0.13125 0.1109375
4 0.36796875 0.19921875 0.0640625 0.1171875
0 0.1140625 0.209375 0.1375 0.28125
0 0.28125 0.27109375 0.1328125 0.3078125
0 0.378125 0.21796875 0.04375 0.2671875
0 0.71015625 0.21953125 0.3484375 0.4390625
0 0.91875 0.21953125 0.1625 0.4390625
2 0.73515625 0.07265625 0.2078125 0.1453125
2 0.95859375 0.0609375 0.0828125 0.121875
4 0.9140625 0.2734375 0.171875 0.33125
4 0.7171875 0.26875 0.209375 0.340625
0 0.0421875 0.71953125 0.084375 0.5609375
0 0.7 0.6671875 0.6 0.45625