4 0.43671875 0.44296875 0.1453125 0.4140625
0 0.41875 0.325 0.18125 0.65
2 0.37578125 0.3421875 0.053125 0.0671875
2 0.26328125 0.34765625 0.059375 0.0671875
4 0.24453125 0.45078125 0.0796875 0.1703125
4 0.34921875 0.47109375 0.09375 0.15
0 0.33359375 0.4703125 0.1484375 0.359375
0 0.23359375 0.47109375 0.1515625 0.3578125
1 0.73046875 0.325 0.4421875 0.65
0 0.32265625 0.825 0.3734375 0.35
4 0.375 0.85859375 0.26875 0.2828125
1 0.82578125 0.825 0.3484375 0.35
1 0.6640625 0.825 0.309375 0.35
4 0.66171875 0.8046875 0.3046875 0.309375