4 0.340625 0.45546875 0.2375 0.4265625
0 0.30234375 0.334375 0.3140625 0.66875
0 0.05625 0.4984375 0.1125 0.340625
2 0.02109375 0.38359375 0.0421875 0.0890625
4 0.03515625 0.54765625 0.0703125 0.2234375
0 0.7296875 0.334375 0.540625 0.66875
2 0.7796875 0.1953125 0.440625 0.390625
4 0.74140625 0.46875 0.5171875 0.4
0 0.2296875 0.834375 0.459375 0.33125
4 0.2296875 0.834375 0.459375 0.33125
1 0.796875 0.834375 0.225 0.33125
1 0.53671875 0.8765625 0.1546875 0.246875
1 0.70859375 0.9171875 0.1171875 0.165625