0 0.17734375 0.2296875 0.3546875 0.459375
2 0.12578125 0.171875 0.2390625 0.34375
4 0.1359375 0.18125 0.271875 0.3625
0 0.73984375 0.2296875 0.5203125 0.459375
2 0.7578125 0.38984375 0.3 0.1390625
4 0.715625 0.2296875 0.471875 0.459375
1 0.34375 0.7296875 0.271875 0.540625
1 0.1765625 0.7296875 0.353125 0.540625
4 0.3546875 0.7296875 0.25 0.540625
4 0.153125 0.7296875 0.30625 0.540625
1 0.79296875 0.65234375 0.3234375 0.3859375
1 0.60625 0.5828125 0.24375 0.246875
1 0.546875 0.7296875 0.134375 0.540625
3 0.7359375 0.53046875 0.134375 0.1421875
3 0.6296875 0.52265625 0.14375 0.1265625
4 0.796875 0.65078125 0.2390625 0.3296875