2 0.04609375 0.08046875 0.03125 0.0421875
0 0.2078125 0.10234375 0.109375 0.2046875
0 0.11015625 0.10859375 0.0828125 0.2171875
1 0.60234375 0.209375 0.3671875 0.41875
1 0.1390625 0.65859375 0.278125 0.4453125
3 0.06796875 0.56015625 0.1203125 0.1765625
4 0.13984375 0.69609375 0.2140625 0.315625
1 0.83125 0.709375 0.3375 0.58125
1 0.61484375 0.73046875 0.2453125 0.5390625
3 0.8578125 0.56953125 0.284375 0.3015625
3 0.66171875 0.60078125 0.171875 0.2265625
4 0.81640625 0.8546875 0.3671875 0.290625
4 0.5921875 0.8421875 0.2625 0.315625