2 0.0984375 0.13828125 0.0984375 0.13125
2 0.27734375 0.16796875 0.11875 0.1546875
2 0.18203125 0.28046875 0.1 0.1
4 0.04609375 0.240625 0.0921875 0.196875
4 0.2328125 0.428125 0.159375 0.04375
0 0.08203125 0.240625 0.1640625 0.41875
0 0.31953125 0.2625 0.2921875 0.375
0 0.2640625 0.40625 0.346875 0.0875
4 0.7671875 0.37421875 0.234375 0.1515625
1 0.80859375 0.225 0.3171875 0.45
1 0.5828125 0.84140625 0.134375 0.3171875
1 0.475 0.840625 0.1125 0.296875
1 0.35234375 0.74453125 0.0921875 0.2625
1 0.27890625 0.73046875 0.10625 0.253125
1 0.18203125 0.70546875 0.1359375 0.2875
1 0.0875 0.66953125 0.0859375 0.24375
1 0.86484375 0.725 0.2703125 0.55
4 0.95546875 0.725 0.0890625 0.55