2 0.27734375 0.028125 0.0953125 0.05625
2 0.42890625 0.04765625 0.0609375 0.0953125
2 0.3640625 0.13203125 0.1 0.0984375
4 0.17890625 0.09609375 0.1890625 0.1921875
4 0.39921875 0.32421875 0.1203125 0.1328125
0 0.1953125 0.17734375 0.29375 0.3546875
0 0.40859375 0.15078125 0.1015625 0.3015625
0 0.36796875 0.3203125 0.1828125 0.20625
0 0.75546875 0.2296875 0.4890625 0.459375
2 0.90078125 0.0921875 0.1984375 0.184375
4 0.77265625 0.278125 0.4546875 0.3625
1 0.2296875 0.7296875 0.459375 0.540625
3 0.3515625 0.58203125 0.215625 0.2453125
4 0.246875 0.80234375 0.425 0.3953125
1 0.69453125 0.91015625 0.1671875 0.1796875
1 0.97109375 0.93125 0.0578125 0.1375
1 0.89609375 0.94296875 0.0984375 0.1140625
1 0.84296875 0.92265625 0.1171875 0.1546875