0 0.34375 0.13984375 0.471875 0.2796875
0 0.78984375 0.13984375 0.4203125 0.2796875
4 0.78984375 0.13984375 0.4203125 0.2796875
1 0.23125 0.63984375 0.4625 0.7203125
0 0.8296875 0.64609375 0.0875 0.2234375
0 0.659375 0.64921875 0.071875 0.2453125
0 0.7203125 0.6640625 0.05 0.221875
0 0.7703125 0.65625 0.065625 0.203125
2 0.821875 0.571875 0.025 0.0390625
2 0.66796875 0.56796875 0.0359375 0.0453125
2 0.72421875 0.590625 0.0265625 0.0453125
2 0.759375 0.58515625 0.0265625 0.046875
4 0.66171875 0.62890625 0.0484375 0.0859375
4 0.7265625 0.65234375 0.0390625 0.090625
4 0.76640625 0.63984375 0.034375 0.0828125
4 0.8234375 0.63125 0.0375 0.0890625