0 0.046875 0.16484375 0.09375 0.3296875
1 0.490625 0.16484375 0.121875 0.3296875
1 0.578125 0.16484375 0.296875 0.3296875
1 0.6671875 0.16484375 0.3375 0.3296875
1 0.784375 0.16484375 0.43125 0.3296875
0 0.21484375 0.66484375 0.4296875 0.6703125
4 0.21484375 0.76640625 0.4296875 0.4671875
2 0.46015625 0.52421875 0.0609375 0.1265625
2 0.6265625 0.5015625 0.1078125 0.1484375
2 0.56796875 0.6359375 0.09375 0.0921875
4 0.44921875 0.653125 0.0390625 0.184375
4 0.67421875 0.80625 0.1515625 0.1234375
0 0.4828125 0.671875 0.10625 0.45625
0 0.6953125 0.58125 0.265625 0.3625
0 0.70234375 0.79375 0.3375 0.1859375