0 0.2546875 0.2796875 0.509375 0.559375
0 0.7546875 0.2796875 0.490625 0.559375
2 0.70703125 0.17265625 0.3953125 0.3453125
4 0.74765625 0.40703125 0.4765625 0.3046875
1 0.27109375 0.7796875 0.4765625 0.440625
3 0.40859375 0.6734375 0.2015625 0.196875
4 0.31953125 0.9 0.3796875 0.2
0 0.56796875 0.84609375 0.1171875 0.3078125
0 0.84921875 0.7796875 0.3015625 0.440625
0 0.70390625 0.7796875 0.3796875 0.440625
2 0.92578125 0.62265625 0.1484375 0.1265625
2 0.80859375 0.61015625 0.1546875 0.1015625
2 0.54609375 0.75703125 0.0734375 0.0890625