0 0.1609375 0.15 0.25625 0.3
0 0.1109375 0.15 0.21875 0.3
0 0.0671875 0.15 0.134375 0.3
4 0.72734375 0.19921875 0.2828125 0.2015625
0 0.728125 0.15 0.346875 0.3
2 0.5921875 0.20546875 0.0515625 0.0671875
2 0.48046875 0.2125 0.0578125 0.065625
4 0.46328125 0.26484375 0.0765625 0.0703125
4 0.5671875 0.2796875 0.090625 0.040625
0 0.553125 0.22734375 0.140625 0.1453125
0 0.45234375 0.22890625 0.1453125 0.1421875
0 0.17109375 0.65 0.2359375 0.7
0 0.09921875 0.6671875 0.1984375 0.665625
0 0.67578125 0.65 0.6484375 0.7