0 0.221875 0.3703125 0.1625 0.596875
0 0.3671875 0.36640625 0.159375 0.6046875
0 0.4140625 0.40078125 0.209375 0.5359375
2 0.46796875 0.23515625 0.065625 0.1109375
2 0.3703125 0.16796875 0.0765625 0.128125
2 0.26171875 0.1625 0.109375 0.103125
4 0.465625 0.4125 0.0890625 0.225
4 0.35 0.32578125 0.109375 0.221875
4 0.23671875 0.3421875 0.1078125 0.2359375
0 0.734375 0.334375 0.43125 0.66875
2 0.63515625 0.04375 0.2328125 0.0875
4 0.6921875 0.45703125 0.346875 0.4234375
0 0.1609375 0.834375 0.321875 0.33125
0 0.759375 0.834375 0.48125 0.33125
2 0.6828125 0.834375 0.328125 0.33125