0 0.209375 0.26484375 0.41875 0.5296875
4 0.196875 0.26484375 0.39375 0.5296875
0 0.49921875 0.24453125 0.1609375 0.4890625
0 0.61875 0.24140625 0.2390625 0.4453125
0 0.70390625 0.2828125 0.3328125 0.49375
4 0.30078125 0.81875 0.2359375 0.3625
0 0.28046875 0.76484375 0.2765625 0.4703125
0 0.5703125 0.79453125 0.303125 0.4109375
0 0.778125 0.75859375 0.2375 0.4296875
0 0.86328125 0.76484375 0.2734375 0.4703125
2 0.6484375 0.73671875 0.13125 0.1828125
2 0.76640625 0.71875 0.1390625 0.2578125
2 0.9421875 0.71328125 0.115625 0.3671875
4 0.55 0.8453125 0.234375 0.309375