0 0.2390625 0.23359375 0.1484375 0.4625
0 0.3484375 0.22578125 0.103125 0.4515625
0 0.29140625 0.35859375 0.1578125 0.428125
2 0.34375 0.05546875 0.08125 0.0953125
2 0.22578125 0.06953125 0.090625 0.0890625
2 0.2703125 0.1859375 0.0734375 0.103125
4 0.353125 0.1875 0.09375 0.16875
4 0.28828125 0.33203125 0.103125 0.2171875
0 0.7 0.28984375 0.6 0.5796875
4 0.7 0.284375 0.6 0.56875
0 0.2 0.78984375 0.4 0.4203125
2 0.19765625 0.61171875 0.3703125 0.0640625
4 0.2 0.8515625 0.4 0.296875
0 0.7 0.78984375 0.6 0.4203125