0 0.02421875 0.33671875 0.0484375 0.4453125
0 0.10390625 0.34375 0.1734375 0.43125
0 0.03828125 0.41171875 0.0765625 0.2953125
2 0.10625 0.19453125 0.084375 0.096875
2 0.01796875 0.1828125 0.0359375 0.090625
2 0.02265625 0.30625 0.0453125 0.10625
4 0.09296875 0.328125 0.109375 0.1703125
4 0.025 0.4515625 0.05 0.215625
0 0.61953125 0.2796875 0.4203125 0.559375
0 0.8390625 0.2796875 0.321875 0.559375
2 0.6328125 0.07890625 0.253125 0.1578125
2 0.8703125 0.128125 0.25625 0.25625
4 0.5765625 0.365625 0.334375 0.3875
4 0.8234375 0.37890625 0.353125 0.3609375
0 0.22578125 0.7796875 0.3671875 0.440625
2 0.303125 0.72109375 0.2125 0.3234375
4 0.2234375 0.9 0.371875 0.2
1 0.68125 0.7796875 0.54375 0.440625