4 0.68203125 0.54921875 0.1609375 0.3203125
4 0.62265625 0.36953125 0.171875 0.3109375
4 0.57109375 0.565625 0.2765625 0.2140625
4 0.53671875 0.43359375 0.2046875 0.31875
4 0.4375 0.37734375 0.215625 0.603125
4 0.37890625 0.5578125 0.1890625 0.303125
4 0.34296875 0.40859375 0.1859375 0.4109375
4 0.22578125 0.49765625 0.3359375 0.4234375
4 0.25078125 0.553125 0.1828125 0.3125
4 0.13515625 0.3234375 0.2703125 0.465625
0 0.6296875 0.90390625 0.278125 0.1921875
0 0.409375 0.92578125 0.340625 0.1484375