0 0.1140625 0.309375 0.084375 0.11875
0 0.2234375 0.31796875 0.046875 0.1015625
0 0.1734375 0.31953125 0.0625 0.0984375
2 0.12109375 0.2875 0.025 0.040625
2 0.21953125 0.3046875 0.025 0.04375
2 0.18359375 0.29921875 0.025 0.046875
4 0.2171875 0.34453125 0.0375 0.0484375
4 0.17734375 0.340625 0.0328125 0.05625
4 0.11953125 0.33515625 0.0359375 0.0671875
1 0.684375 0.24921875 0.409375 0.2390625
1 0.20546875 0.684375 0.0890625 0.63125
3 0.5484375 0.759375 0.2203125 0.4046875
3 0.390625 0.4171875 0.14375 0.096875
3 0.5359375 0.41953125 0.13125 0.1015625
3 0.66875 0.41640625 0.11875 0.0953125
3 0.7875 0.41953125 0.1375 0.1015625
4 0.33828125 0.80078125 0.1765625 0.3984375