0 0.08203125 0.22734375 0.1640625 0.4546875
0 0.2 0.3625 0.4 0.5125
0 0.29921875 0.309375 0.3609375 0.61875
0 0.75390625 0.43046875 0.0859375 0.30625
0 0.8140625 0.41953125 0.0828125 0.2890625
0 0.8828125 0.40625 0.10625 0.303125
2 0.7625 0.31875 0.0390625 0.053125
2 0.80625 0.3265625 0.0328125 0.0484375
2 0.8609375 0.30859375 0.0453125 0.0609375
4 0.7578125 0.38046875 0.0625 0.0921875
4 0.80859375 0.396875 0.046875 0.0953125
4 0.8671875 0.3828125 0.06875 0.09375
4 0.30625 0.68984375 0.346875 0.1421875
0 0.35078125 0.809375 0.2578125 0.38125
0 0.7234375 0.92109375 0.35 0.1578125