0 0.06328125 0.24453125 0.1265625 0.4890625
0 0.2046875 0.2546875 0.309375 0.46875
2 0.0421875 0.084375 0.084375 0.16875
2 0.2234375 0.13046875 0.14375 0.1578125
4 0.03359375 0.3234375 0.0671875 0.33125
4 0.18828125 0.34921875 0.1734375 0.2796875
1 0.84609375 0.35 0.3078125 0.278125
1 0.4328125 0.79765625 0.3125 0.4046875
3 0.48359375 0.80625 0.2109375 0.3875
1 0.6734375 0.74453125 0.16875 0.5109375
1 0.93828125 0.68359375 0.1234375 0.3890625
1 0.7921875 0.82578125 0.259375 0.3484375
1 0.76640625 0.66484375 0.121875 0.340625
1 0.86875 0.76484375 0.2625 0.4703125