0 0.3828125 0.28984375 0.3125 0.5796875
4 0.425 0.1765625 0.228125 0.353125
2 0.484375 0.50078125 0.109375 0.1578125
0 0.75390625 0.28984375 0.4296875 0.5796875
0 0.94296875 0.28984375 0.1140625 0.5796875
4 0.73828125 0.3265625 0.3984375 0.50625
0 0.1046875 0.78984375 0.209375 0.4203125
0 0.4296875 0.7328125 0.21875 0.30625
0 0.3015625 0.76171875 0.25 0.3640625
0 0.240625 0.7890625 0.34375 0.41875
4 0.0453125 0.65 0.090625 0.140625
4 0.20703125 0.66484375 0.1203125 0.1703125
4 0.30703125 0.6125 0.1390625 0.065625
4 0.42109375 0.6140625 0.1390625 0.06875
0 0.69140625 0.78984375 0.3046875 0.4203125