0 0.12578125 0.40390625 0.0859375 0.2296875
0 0.06328125 0.40546875 0.0828125 0.2265625
0 0.02421875 0.39765625 0.0484375 0.2421875
2 0.109375 0.3328125 0.0390625 0.053125
2 0.065625 0.34375 0.0328125 0.0484375
2 0.01640625 0.32890625 0.0328125 0.0609375
4 0.11796875 0.39375 0.0625 0.0921875
4 0.06796875 0.4140625 0.046875 0.0953125
4 0.021875 0.40234375 0.04375 0.0953125
0 0.8 0.3734375 0.4 0.290625
0 0.1140625 0.77265625 0.2 0.4546875
0 0.0375 0.784375 0.075 0.43125
0 0.8578125 0.759375 0.284375 0.48125
4 0.88671875 0.8984375 0.2265625 0.203125