0 0.12109375 0.24453125 0.2421875 0.4890625
0 0.709375 0.24453125 0.58125 0.4890625
4 0.39453125 0.82890625 0.0484375 0.3140625
4 0.31171875 0.94296875 0.2140625 0.1140625
4 0.334375 0.85 0.16875 0.3
4 0.28359375 0.74453125 0.2359375 0.5109375
4 0.15078125 0.884375 0.2015625 0.23125
4 0.184375 0.7703125 0.2 0.4140625
4 0.10625 0.8 0.2125 0.4
4 0.065625 0.8578125 0.13125 0.284375
4 0.0796875 0.671875 0.159375 0.365625
1 0.6109375 0.74453125 0.384375 0.5109375
3 0.5765625 0.703125 0.315625 0.428125
4 0.59765625 0.915625 0.3578125 0.16875