0 0.4890625 0.24453125 0.28125 0.4890625
0 0.2578125 0.24453125 0.496875 0.4890625
0 0.81484375 0.24453125 0.3703125 0.4890625
4 0.81484375 0.24140625 0.3703125 0.4828125
0 0.29296875 0.74453125 0.4421875 0.5109375
0 0.11015625 0.74453125 0.2203125 0.5109375
2 0.3078125 0.54296875 0.23125 0.1078125
4 0.09921875 0.72421875 0.1984375 0.4703125
4 0.28515625 0.7265625 0.259375 0.4015625
0 0.9296875 0.8421875 0.140625 0.315625
0 0.778125 0.89921875 0.125 0.2015625
0 0.6984375 0.83671875 0.1375 0.3265625