0 0.28671875 0.29453125 0.5734375 0.5890625
0 0.84453125 0.29453125 0.3109375 0.5890625
2 0.89921875 0.178125 0.2015625 0.35625
4 0.84453125 0.4296875 0.3109375 0.31875
0 0.0578125 0.934375 0.115625 0.13125
0 0.1765625 0.9390625 0.16875 0.121875
0 0.475 0.79453125 0.340625 0.4109375
0 0.58828125 0.79453125 0.2015625 0.4109375
2 0.0484375 0.9640625 0.071875 0.071875
2 0.13984375 0.98046875 0.0546875 0.0390625
2 0.5421875 0.7 0.1546875 0.190625
2 0.640625 0.71640625 0.096875 0.1953125
0 0.84453125 0.79453125 0.3109375 0.4109375