0 0.21484375 0.159375 0.4296875 0.31875
1 0.5265625 0.159375 0.19375 0.31875
1 0.8859375 0.159375 0.215625 0.31875
1 0.74296875 0.16171875 0.2171875 0.3140625
1 0.678125 0.1984375 0.3125 0.240625
3 0.46875 0.05859375 0.078125 0.1171875
3 0.62421875 0.19453125 0.075 0.115625
3 0.7125 0.11640625 0.0875 0.134375
3 0.8203125 0.09765625 0.1171875 0.1125
4 0.47890625 0.21953125 0.0984375 0.1984375
4 0.646875 0.28671875 0.109375 0.0640625
4 0.7515625 0.2375 0.128125 0.1625
4 0.86640625 0.234375 0.1265625 0.16875
1 0.21484375 0.659375 0.4296875 0.68125
4 0.1671875 0.74140625 0.334375 0.5171875
1 0.8328125 0.659375 0.334375 0.68125
3 0.88828125 0.475 0.2234375 0.3125
4 0.88046875 0.859375 0.2390625 0.28125