0 0.2203125 0.2640625 0.096875 0.403125
0 0.87109375 0.309375 0.2578125 0.61875
0 0.66640625 0.32109375 0.3703125 0.5953125
0 0.340625 0.309375 0.14375 0.61875
2 0.90703125 0.16953125 0.1859375 0.3390625
2 0.690625 0.228125 0.2375 0.39375
2 0.29375 0.15625 0.05 0.3125
4 0.90390625 0.4921875 0.1921875 0.253125
4 0.671875 0.5 0.421875 0.2375
4 0.35234375 0.42421875 0.1671875 0.3890625
0 0.134375 0.809375 0.26875 0.38125
2 0.0453125 0.69453125 0.090625 0.1515625
4 0.13125 0.928125 0.2625 0.14375
0 0.84375 0.809375 0.3125 0.38125
0 0.5921875 0.809375 0.4625 0.38125