0 0.090625 0.26953125 0.18125 0.5390625
4 0.07109375 0.284375 0.1421875 0.509375
0 0.83984375 0.26953125 0.3203125 0.5390625
4 0.84921875 0.3515625 0.3015625 0.375
0 0.38515625 0.84921875 0.103125 0.228125
0 0.5546875 0.8640625 0.0875 0.2484375
0 0.4921875 0.875 0.065625 0.225
0 0.44296875 0.86328125 0.0796875 0.20625
2 0.39765625 0.77578125 0.028125 0.040625
2 0.5515625 0.78203125 0.0375 0.0484375
2 0.49375 0.8015625 0.028125 0.046875
2 0.45859375 0.79296875 0.0296875 0.0484375
4 0.553125 0.84296875 0.0546875 0.0875
4 0.48671875 0.8625 0.0453125 0.09375
4 0.4484375 0.84765625 0.040625 0.0859375
4 0.39140625 0.834375 0.04375 0.0921875
0 0.83984375 0.7765625 0.3203125 0.446875
2 0.8875 0.73671875 0.225 0.3203125
4 0.83984375 0.940625 0.3203125 0.11875