0 0.18984375 0.225 0.3796875 0.45
4 0.2015625 0.225 0.35625 0.45
1 0.6625 0.225 0.565625 0.45
1 0.16796875 0.76015625 0.2515625 0.4796875
1 0.06796875 0.7984375 0.1359375 0.403125
3 0.221875 0.58828125 0.1171875 0.115625
3 0.06953125 0.66015625 0.0890625 0.078125
4 0.159375 0.80546875 0.2203125 0.325
4 0.06171875 0.82734375 0.1046875 0.2390625
1 0.59453125 0.725 0.3234375 0.55
1 0.77109375 0.725 0.2203125 0.55
1 0.94375 0.725 0.1125 0.55
1 0.91953125 0.5921875 0.1609375 0.284375
3 0.65234375 0.51171875 0.1640625 0.1234375
3 0.8234375 0.5375 0.11875 0.165625