0 0.18046875 0.29140625 0.3609375 0.5546875
0 0.465625 0.259375 0.146875 0.48125
2 0.11484375 0.1921875 0.1640625 0.2421875
2 0.50859375 0.14296875 0.0609375 0.1703125
4 0.18671875 0.43046875 0.3328125 0.2765625
4 0.4875 0.34921875 0.103125 0.2765625
4 0.65078125 0.40859375 0.2234375 0.3203125
1 0.671875 0.284375 0.265625 0.56875
4 0.1296875 0.93359375 0.20625 0.1328125
4 0.3921875 0.853125 0.29375 0.29375
0 0.1375 0.88515625 0.26875 0.2296875
0 0.38515625 0.784375 0.3078125 0.43125
0 0.72421875 0.784375 0.3703125 0.43125