2 0.34140625 0.3453125 0.0265625 0.009375
2 0.49609375 0.33671875 0.0359375 0.0265625
4 0.76171875 0.175 0.3859375 0.35
4 0.18671875 0.91953125 0.1265625 0.1609375
4 0.203125 0.8078125 0.1421875 0.3015625
4 0.29453125 0.946875 0.2609375 0.10625
4 0.30078125 0.85 0.1765625 0.3
4 0.3859375 0.7390625 0.15625 0.521875
4 0.49140625 0.896875 0.1515625 0.20625
4 0.48515625 0.7875 0.146875 0.403125
4 0.52109375 0.82578125 0.0953125 0.3484375
1 0.88359375 0.675 0.2328125 0.65
4 0.959375 0.70859375 0.08125 0.5828125