0 0.04609375 0.2921875 0.0921875 0.56875
0 0.41171875 0.3125 0.2765625 0.625
0 0.23515625 0.3796875 0.184375 0.4984375
0 0.06015625 0.39765625 0.1203125 0.3828125
0 0.76796875 0.5765625 0.2109375 0.40625
0 0.63046875 0.55078125 0.1609375 0.4578125
4 0.778125 0.56171875 0.1453125 0.23125
4 0.62734375 0.52578125 0.1390625 0.196875
0 0.36875 0.88984375 0.3625 0.2203125
4 0.384375 0.88984375 0.33125 0.2203125
0 0.775 0.88984375 0.45 0.2203125
2 0.74375 0.809375 0.371875 0.059375
4 0.775 0.88984375 0.45 0.2203125