0 0.15390625 0.09375 0.3078125 0.1875
0 0.27421875 0.1 0.3390625 0.2
0 0.37421875 0.22109375 0.3109375 0.4421875
0 0.425 0.26484375 0.209375 0.5296875
0 0.78125 0.40234375 0.21875 0.2546875
0 0.91640625 0.375 0.1671875 0.309375
4 0.77109375 0.4390625 0.1484375 0.18125
4 0.92109375 0.42578125 0.1421875 0.1984375
0 0.26484375 0.76484375 0.5296875 0.4703125
2 0.1578125 0.703125 0.315625 0.346875
4 0.27109375 0.853125 0.5171875 0.29375
0 0.76484375 0.76484375 0.4703125 0.4703125
4 0.82109375 0.76484375 0.3578125 0.4703125