0 0.4125 0.21953125 0.19375 0.4390625
0 0.27421875 0.21953125 0.2578125 0.4390625
4 0.396875 0.22265625 0.225 0.4328125
4 0.24765625 0.21953125 0.2703125 0.4390625
1 0.846875 0.21953125 0.30625 0.4390625
1 0.5828125 0.21953125 0.146875 0.4390625
3 0.91015625 0.1484375 0.1796875 0.296875
4 0.825 0.33984375 0.35 0.1984375
4 0.57890625 0.2359375 0.1390625 0.40625
4 0.20390625 0.83671875 0.1390625 0.3265625
4 0.19453125 0.64296875 0.153125 0.3046875
4 0.11484375 0.82109375 0.2296875 0.1984375
4 0.0953125 0.684375 0.1875 0.309375
4 0.05078125 0.671875 0.1015625 0.465625
1 0.97421875 0.684375 0.05 0.1671875
1 0.93046875 0.68359375 0.06875 0.1796875
3 0.9421875 0.62265625 0.0328125 0.04375
3 0.98046875 0.62890625 0.0234375 0.0390625