0 0.4640625 0.225 0.109375 0.45
0 0.62265625 0.225 0.2078125 0.45
4 0.58515625 0.24140625 0.1328125 0.4171875
0 0.16484375 0.79453125 0.3296875 0.4109375
4 0.9671875 0.8359375 0.065625 0.328125
4 0.953125 0.6390625 0.09375 0.3
4 0.87890625 0.82109375 0.2421875 0.1859375
4 0.878125 0.6859375 0.171875 0.3015625
4 0.79140625 0.6796875 0.1453125 0.459375
4 0.6890625 0.815625 0.14375 0.36875
4 0.6921875 0.6375 0.140625 0.375
4 0.61015625 0.70546875 0.1828125 0.4234375
4 0.57734375 0.78984375 0.1171875 0.3859375
4 0.56640625 0.58671875 0.0953125 0.2734375