0 0.3859375 0.26953125 0.20625 0.5390625
0 0.08671875 0.221875 0.1734375 0.44375
0 0.19140625 0.22578125 0.2609375 0.4515625
0 0.27109375 0.2421875 0.3546875 0.484375
4 0.428125 0.0671875 0.121875 0.134375
4 0.28984375 0.11328125 0.1234375 0.2265625
4 0.16171875 0.08046875 0.1421875 0.1609375
4 0.06171875 0.1 0.1234375 0.2
0 0.725 0.26953125 0.471875 0.5390625
4 0.6765625 0.115625 0.375 0.23125
0 0.3875 0.76953125 0.203125 0.4609375
0 0.22265625 0.76953125 0.4453125 0.4609375
4 0.40703125 0.76953125 0.1640625 0.4609375
4 0.21171875 0.7890625 0.4234375 0.421875
0 0.74453125 0.76953125 0.5109375 0.4609375
4 0.74453125 0.76953125 0.5109375 0.4609375