0 0.18515625 0.265625 0.0859375 0.178125
0 0.08515625 0.28671875 0.08125 0.175
0 0.13515625 0.26015625 0.0890625 0.2
2 0.16484375 0.21875 0.0296875 0.0328125
2 0.12265625 0.2203125 0.0296875 0.0390625
2 0.0875 0.22734375 0.040625 0.046875
4 0.0921875 0.2796875 0.04375 0.075
4 0.12734375 0.26171875 0.0484375 0.06875
4 0.17578125 0.26875 0.0515625 0.071875
0 0.734375 0.15234375 0.53125 0.3046875
0 0.1390625 0.75546875 0.278125 0.4890625
0 0.0546875 0.74296875 0.109375 0.5140625
0 0.5890625 0.71953125 0.31875 0.5609375
2 0.49921875 0.6703125 0.1390625 0.359375
4 0.559375 0.89140625 0.259375 0.2171875