0 0.02421875 0.36796875 0.0484375 0.2421875
0 0.27578125 0.38046875 0.0890625 0.2171875
0 0.17578125 0.39453125 0.0859375 0.1890625
0 0.12109375 0.37578125 0.1046875 0.2265625
0 0.8 0.24453125 0.4 0.4890625
4 0.84453125 0.24453125 0.3109375 0.4890625
0 0.10078125 0.74453125 0.2015625 0.5109375
0 0.3296875 0.74453125 0.453125 0.5109375
2 0.0796875 0.565625 0.159375 0.153125
2 0.3328125 0.5671875 0.234375 0.15625
4 0.07890625 0.803125 0.1578125 0.39375
4 0.29921875 0.79765625 0.3828125 0.4046875
1 0.81171875 0.89375 0.2765625 0.2125
1 0.94765625 0.74453125 0.1046875 0.5109375
3 0.82421875 0.88046875 0.0984375 0.121875
4 0.80859375 0.96328125 0.1921875 0.0734375