0 0.159375 0.23125 0.31875 0.175
2 0.14375 0.26875 0.2875 0.1
0 0.478125 0.159375 0.31875 0.31875
0 0.546875 0.159375 0.365625 0.31875
0 0.71953125 0.159375 0.5515625 0.31875
0 0.159375 0.659375 0.31875 0.68125
2 0.159375 0.565625 0.31875 0.49375
4 0.159375 0.8609375 0.31875 0.278125
0 0.44453125 0.67265625 0.2515625 0.6546875
0 0.57734375 0.759375 0.2921875 0.48125
2 0.4328125 0.5640625 0.228125 0.359375
2 0.5765625 0.65859375 0.1859375 0.2359375
4 0.43359375 0.85390625 0.2296875 0.2921875
4 0.5765625 0.87109375 0.29375 0.2578125