0 0.60234375 0.27421875 0.0546875 0.5484375
0 0.2234375 0.27109375 0.20625 0.5421875
0 0.3921875 0.32578125 0.1265625 0.490625
0 0.56796875 0.365625 0.084375 0.378125
0 0.7515625 0.49140625 0.125 0.3765625
0 0.8890625 0.4875 0.134375 0.384375
0 0.79765625 0.56328125 0.1359375 0.2328125
2 0.865625 0.36015625 0.075 0.090625
2 0.74765625 0.3671875 0.0875 0.084375
2 0.7859375 0.48671875 0.0671875 0.1
4 0.8734375 0.49375 0.0953125 0.1640625
4 0.79609375 0.603125 0.0921875 0.153125
0 0.81484375 0.83984375 0.3703125 0.3203125
4 0.81484375 0.9125 0.3703125 0.175